17587	57097	-27145	33690	35014	-39976	-23970	-27587	-27617	-47063
-6228	-14637	-58507	-47048	15940	46744	-41337	-31038	39784	-37803
17308	-32291	35723	26777	-18888	8949	-2762	-33976	-26701	57089
43385	52812	-5646	46451	-18404	-51528	56041	1080	37631	50494
28137	-16630	-56774	32146	-33070	48384	42668	-57872	32027	-21512
-16598	-58948	7176	38815	44628	-38904	-44942	23605	58249	-28036
-5083	16584	-33016	-16	-23050	-30567	36133	31332	-53352	33625
-12735	28689	53067	24786	40972	6267	7843	-40478	33920	59668
41850	-24088	32935	-15963	48859	-1259	-41608	45868	3834	43930
34348	403	-21146	-58053	-21874	2277	-41189	-26911	-35426	-19162
16318	-19788	50883	-17070	29811	-24627	37237	47408	37085	-52771
-28760	56498	-47060	10120	-9140	-53199	-31655	17011	5473	16353
28331	40151	46108	10089	-17991	-27539	-12306	-1205	-2706	-6473
24219	-7020	39755	-7926	-44138	-5139	5347	51220	-13122	-23721
-40893	-33003	-57782	-2998	-12552	-6272	-44319	-36060	19026	-6086
13178	-22589	-33418	-55563	-18177	17242	46318	-8765	16572	24428
-5534	55837	59016	35242	-30241	-54826	34338	59973	37007	-55187
17446	-58867	-45447	-41316	-53551	-41514	58117	3158	-12066	-33771
11287	33500	-59731	-10360	-51384	-48726	51758	-23418	-44551	38231
12933	-850	-15342	13059	-23095	34850	-42920	37386	43360	-6826
51754	43356	-21417	28636	-33049	-25263	57973	33091	34989	-36249
-3419	-34616	-19150	1250	30668	1337	-37532	-52152	-6894	-9042
-10244	-42925	37767	-48776	-12925	57751	-13912	30311	-12288	780
30586	-16040	16332	-14525	26453	-55802	-13516	23768	9875	53402
-21068	-39593	-26090	9410	-17150	-55467	14832	-49910	-3653	8790
-13469	-33699	3331	1984	-13252	23636	-50270	20693	50422	-17428
-42962	36153	23855	57609	-18508	8132	-1265	-26309	-23779	46703
-30154	41323	22759	-17703	3959	58296	48607	-1862	33653	-17393
19158	37063	-32788	53963	-38906	1150	13203	21516	29226	-45384
31232	-21876	25630	4308	-52057	44542	-47148	34595	-35416	-39093
-18986	30471	-50515	45443	8231	18943	28545	-14184	17475	-37243
-40600	-54422	-30323	-56401	47658	-56308	5354	24349	-54156	49121
26703	10182	-19444	42910	-28801	53713	42298	7255	1812	-10762
27781	-46686	-38955	-53910	-48974	-15060	41389	8730	-31426	-25917
-29468	57204	-41620	6207	-34762	-59633	4413	16752	-26032	-35525
-7481	54316	-30205	6779	10672	11592	-3151	-37798	39257	38200
931	41992	53737	45279	18987	-26979	-24337	-9473	-34336	5970
-36298	-47538	-28590	-4194	-27980	36958	13997	31350	-27239	13767
26215	23963	-2290	46818	21131	11033	32277	1144	-47298	42869
-54896	-48789	-54779	-4598	-27719	-19147	-7575	-25181	-25923	-4596
30181	27725	58967	-3543	-42244	-41455	-46967	20056	1102	57745
-38892	-13139	37090	-20194	-42041	-6885	-50	-55052	17320	-1427
-46867	-50220	56776	17836	-14743	-28848	29822	4251	-21582	-13417
-5747	-21068	25882	-3153	-38750	20650	11837	38330	14829	17460
17562	31308	-20498	8402	38031	-14163	-10547	39374	-49152	-53894
-42935	-45243	51239	42915	16982	29007	-48083	1622	-27421	-28930
51699	8306	-10772	-59732	56937	33298	11631	-4611	-58086	-51622
39391	-57994	56748	-5737	41051	-21505	-7592	29031	43792	-55854
41850	-29159	-31930	2645	12131	-40814	51797	-12186	-36934	-31739
22398	-37501	-57133	-4071	-36150	-44440	27694	33394	-42997	-53797
-52959	-20336	-38186	-1724	-54937	6920	37245	-38431	-51289	51728
-34470	-42390	-32530	-14580	16433	40722	7136	-11036	-9134	27646
-10025	18415	-40795	32228	39917	47143	-58536	6906	3633	-58672
10161	-18551	-56147	-35694	32198	35373	-54358	-35335	51244	-56591
-27998	59142	-6460	11728	33539	-26521	56076	23387	-26324	-34823
30176	-19232	13213	50158	-57767	11141	-46211	-30628	-27095	20366
-28353	21826	5331	-11389	-37204	17951	-38556	29953	-5291	-56853
52395	53110	-21130	-21122	20179	10889	-23025	-50384	-41002	-36123
-14278	52268	26943	-13345	11444	35730	54324	-13611	-18563	-51127
-50231	-1666	1900	-1649	-14591	-12343	-22844	-37	-44066	35041
-7171	-46696	48962	-55774	-26750	22292	49856	12540	-16331	40681
-46302	52255	-34297	-13907	50237	-32077	36973	-26680	-49347	28524
54137	-52808	-27648	-36365	-56471	-3364	5185	-17448	54886	-9886
-13484	-26743	40086	6764	-44595	-47298	45572	-16433	-12879	38484
-15699	31213	11951	20805	19283	-6442	41158	15055	-56056	-17588
-52628	-19849	12101	-42844	42266	23373	6398	56588	10573	18502
11590	50989	-18643	-40526	50501	41057	11066	-43705	13869	4540
-5898	-38453	11680	-40677	-22684	7958	-44097	47186	-3128	-27163
-12716	-8111	49861	-5072	33800	-7973	13711	-36319	-52725	-54489
58447	15811	38807	45871	-44913	53956	-33780	33149	-33925	52918
-13403	-435	-20684	-23113	51032	25736	-15309	-52837	-50879	3804
56147	7400	43577	28951	-20623	-51328	-46461	55552	-945	-18265
30741	32541	-51911	37452	-25529	47296	-50457	-49361	25496	19672
-8559	58176	-33181	24861	-24178	42731	-14615	25366	26902	-18119
-34203	-18301	13520	7160	-19309	-16583	22992	-52687	44638	41992
-18505	-11301	22868	59398	-28286	46297	-38553	29798	11009	26789
37875	5630	-34930	52314	20880	11201	-57420	-27950	-34344	38309
27258	36042	58205	2883	27390	47305	-45209	-35697	58118	-31423
12491	57498	56189	46520	-7548	32470	-45463	24995	-30807	51099
18749	-26675	23511	47900	-28470	-33979	49557	-48768	25645	-4374
-44455	-17402	-14589	42184	-29608	59137	-22709	58081	-17845	-29371
56036	-13302	7903	55365	20043	-22329	24647	42410	-49501	19137
42492	12086	23839	23151	23697	-38162	13301	-52421	-18851	-54683
-11265	34412	-5673	-51244	-12234	31425	24917	-54915	43588	25060
52249	45736	58042	33357	48450	-54692	-17257	-25230	26755	-4830
6707	41097	9246	-49040	-59282	56707	23863	-33718	20546	42587
-2387	-17361	-22812	-38698	-57430	51850	55415	-51621	-17324	-30274
-22113	57562	-25685	-51967	42090	-12155	-12783	53073	-49678	4423
6924	-48167	41493	26121	53289	-32423	-44636	10643	-35168	-3734
-14245	20248	-21124	-27737	25024	59989	25006	10837	31053	7909
-30227	-50365	-55295	21749	-41552	-39649	-21535	45356	48392	-50684
14936	33106	-29038	35171	12676	-28576	-54127	-4770	50452	-52537
-21917	52302	36736	41906	-50691	8285	-36657	-37441	-24304	-30055
23588	-14792	23399	28577	58249	-59657	-13764	-2043	32622	49100
-42113	24155	6158	54222	-42940	-42132	55840	-53325	58842	53182
-21331	47062	18824	-55887	-35018	9493	15321	-15100	-31799	46534
42367	54746	30724	-58661	26165	47737	-14606	19781	47752	-10775
38272	36970	27862	19539	23807	-23451	-46399	-21368	-55630	27707
55355	28292	-8260	38021	4563	-23585	46986	-10646	56341	-40958
45268	-44584	16286	54260	24795	-9381	27414	6228	-39070	31031
-4850	-9450	-42315	52357	-2678	1482	59068	36679	-18260	59195
-58053	37084	-47258	-49465	19011	9658	-8721	-28314	-1085	-54879
17492	35001	-35395	26091	-34583	19907	45109	45305	-7427	37142
-29549	-37847	31035	-15452	-4774	-49261	-9912	53849	6707	-6810
36524	17446	32631	-50984	-14512	48560	34324	3886	1299	-9505
-18671	-59114	-17314	11464	58042	28721	-23998	21435	-26463	-57336
12861	-53572	-10355	35000	-12849	-14253	-23047	34105	45443	24100
-18455	10534	-48584	36663	-35883	16044	40508	58191	4475	5323
51737	19012	32316	-44103	51531	5685	16878	15921	27913	-58181
-24221	40283	6222	54748	-4250	17979	15561	-6984	-23662	-55994
10245	15802	-42723	24198	-37069	-24477	-43913	8550	34557	41698
7000	-19006	20177	-14361	7379	40947	-49544	-10391	-57303	55159
-40449	59050	-23543	10696	53226	43725	-29430	748	8408	-4488
28890	-55241	24761	-29839	2173	42882	-43782	38259	-43154	41339
-18202	-24872	54359	52327	22911	31211	-34282	-17291	-42703	54317
55040	58929	-22979	-36422	-52613	-32920	-16241	8517	-14071	29960
-41374	21767	46506	-52216	36165	52850	53119	-14038	14460	-20622
18075	-51510	2129	-7522	22815	46434	28266	37911	-35793	-35751
-49617	-11265	20173	-20229	-22707	-45819	-32437	40903	-41724	12945
-42079	52388	-27621	50967	-6726	22753	29488	-9637	50329	-22026
-13279	6203	-49313	-7664	-3187	-6238	-6398	28169	37606	24784
-13355	-1448	-32566	39062	55755	27046	-18799	-27433	39266	-1075
43706	52523	1785	23529	47859	18551	-36757	-6116	42863	-38096
49064	13251	9852	23013	-5473	-21257	-52521	-3695	49619	-35728
-25920	-32532	-32839	-3189	24159	-11977	-18723	42000	55575	41941
-47414	29102	21368	11852	36361	18971	38544	-58920	-21388	-16858
44427	31635	32027	-26041	49930	58987	37044	-16905	1325	2613
-2014	12382	-56587	-20072	55933	15266	-26336	26880	-34566	40456
24442	-56184	-59358	6582	43875	16645	38856	-9571	-9559	-33152
39294	43753	5535	-31687	-33280	7171	-7933	59353	24349	-10777
-122	-51464	37740	-3883	-17196	29672	47540	4754	-21033	-15394
-2031	56503	-59794	-9806	24581	40041	-26073	-7345	19601	18274
-13570	-40475	31479	-38591	12428	52435	28775	39968	-6680	-12638
-44258	-11428	-39104	-25637	33076	-26916	52755	-7621	8134	2359
-49852	7483	6800	-46158	31081	7441	12596	28444	-27202	-42980
23257	50382	-26954	-46031	18355	27793	40591	20441	33111	-36955
57742	-56523	-20888	-6315	-53379	7806	46005	19836	23713	10478
34001	59753	5309	4534	20692	-39229	-33231	-53217	-31958	-1029
25444	-45963	2567	11970	17954	32997	35775	10494	29267	-32419
51792	34621	34427	-20342	-35614	21628	-25227	-30699	54029	38347
21084	-56414	51227	-23208	-7462	15189	18698	23742	43451	11252
-5207	-24471	-48276	-25173	-44182	48722	-26972	-12283	57947	8149
50755	55938	35974	-58202	-36437	26648	26827	58948	-23035	54458
-50263	-54282	-412	-18075	-21625	-39184	-9387	-48449	-6503	-39193
8325	41996	12639	22495	-43548	6715	2384	39094	54471	-49009
3460	14850	10957	-6131	-19949	-44658	12819	-58004	-6572	-26971
-53899	37954	-27376	-1469	-19002	-49289	26463	-39940	-38448	24408
-12287	-6248	45401	-39609	17511	-56381	57774	-3647	-31873	-15607
-19203	18180	-59716	30950	-28525	-22164	19940	46821	-48370	42988
-43995	-46540	-51798	42146	-7449	16016	52211	24999	-44080	-51256
-45607	-27255	41595	-44419	-43973	41565	-54364	56903	-2434	22473
24177	-1117	-23152	45781	21807	6450	1090	35647	-35675	-53478
41432	41514	-47127	15642	425	-12522	-58868	-47192	-26302	-3649
18933	-11030	31495	-24893	46071	34131	670	-22899	15127	36295
831	-22360	34340	50435	51828	8409	12357	-58468	-12874	-35638
-42341	-3336	-53106	-1798	21580	25535	-21867	-32170	5948	-35124
57763	-35230	-35449	27009	54274	-35431	21665	-29042	44898	958
-41831	34035	17308	53812	-40464	7139	26248	14352	13493	40399
55149	38186	13786	-39319	28327	52578	-33816	-110	18586	-35218
54293	-2645	22055	57120	-39607	53954	-3318	44038	24633	-54325
-33447	-14156	-56846	-2200	-34910	-18874	-45092	32087	-18564	18487
19969	-15165	-5259	9254	31873	12144	14709	2467	-29443	-5137
47773	40101	32881	-12578	-39730	48079	48860	-10009	-6081	51562
39704	36212	-26927	-12950	-18427	51595	2801	-46443	3342	-11283
-33611	41220	-23686	2	16026	-33916	-1226	-10779	33141	42549
-4364	29182	-11621	1076	4231	23068	-16253	-2449	-38750	2829
-34257	-36747	-57453	-53787	-52058	-53837	-1957	11484	-51302	33448
4598	38092	-22950	-53996	-29528	-39868	55500	-16353	-41957	-8674
22166	-40239	-25301	34926	-12770	-9623	-51587	-27011	-27703	-27007
49156	12282	51580	-54659	-20583	30176	6	22046	-12765	-34435
-47165	11160	12232	20896	31807	41337	35919	10411	-21637	17071
-29427	-47972	55600	53584	-17405	43724	34961	-24018	-52898	-26459
-5580	32301	-9112	20195	-31037	1198	-52341	43060	48332	16332
-12919	-813	-30324	15447	-57065	-48940	13745	-37328	-24924	-15090
-32226	23691	-1595	33943	-55997	-36848	-25867	58205	-10420	902
-12107	-40894	-8417	-25821	23543	-41453	25661	-40708	52038	-27347
-5262	58854	47121	37723	-45272	-32177	-18503	-15779	21284	1227
-26353	41307	-40943	-17782	-4978	406	-27049	12948	-52730	8127
-9443	47828	21655	-58054	54808	29276	27169	42164	-23109	20526
25662	3361	17403	551	41269	-26012	-29181	-39595	10751	31019
-49060	-26011	-12040	-43701	881	35875	-20181	38019	30027	-42804
-7799	-45716	-36453	36960	-52324	-46034	-22163	11000	-38626	-25552
33019	-27193	-38067	-41674	27912	36618	-59300	-5612	31750	48674
17574	24086	-30180	-23586	-39834	-28225	47514	42600	55149	2556
-25941	-31054	46553	42740	-43098	-40622	-9483	-13807	11007	-39951
3212	8764	-18523	-55540	-48650	28885	29221	44041	-26351	-56643
-13812	-29649	46519	-53883	16903	-48112	14553	53052	49079	8
20212	-27592	40658	-2773	51528	43726	-2952	39977	56775	4790
-29026	37914	-43444	-27791	-55820	6695	-35932	-4727	36542	-21554
-41064	-52971	-42316	14348	10069	34459	6601	-4512	36081	-7825
9376	45473	38238	12155	-58183	-36568	28982	-31527	-9992	18102
-12882	30112	-4582	4156	49140	-37139	24533	-16320	48675	54256
58447	-37599	40933	26747	47683	22604	27686	33549	19836	30234
48827	-46723	-27966	-8879	-23910	52920	55518	47013	53204	-10339
-46300	-50885	-47575	10481	-2796	-9923	21047	-29461	39255	25056
16427	21007	-52385	-26477	23361	-56541	43159	-58204	50878	-6460
-15078	-17259	5145	-2483	26964	50819	27974	46102	-54893	-6063
-54043	49777	43564	-5265	-8227	16059	-58686	-37348	-9515	-53452
-46445	21761	-56236	1223	40750	13878	-35405	-50171	40651	-11001
14834	-52254	-31233	-47464	51611	22920	-8969	35364	-2709	3256
32521	11652	59290	51636	28023	47097	47417	-42953	13593	-36313
-53915	24992	-45716	25867	-4284	723	40015	59588	26235	55824
43558	-48495	-23282	-12095	-25997	-22057	-39282	26603	44718	5174
49175	25730	-10890	6774	-13652	45966	45219	6910	-19742	-46403
45996	35737	-31545	-9004	7651	-43961	36263	17764	-8483	27981
-33331	15625	58137	28480	49894	-59715	-5555	37313	21911	55180
-33157	17993	-22770	56341	56861	30839	15079	18755	-5208	-5441
-7522	-4763	-22897	-52060	-21745	58684	21326	-50629	56151	56559
2199	19418	-11983	48218	2897	-23692	-3569	-27917	-21056	-42668
-38710	51496	-25864	-55182	-22843	-54593	-25443	4412	46170	27263
29178	48281	52635	-58273	-26093	35189	33617	46799	-49063	-35109
59529	-4578	-31325	-5090	-6114	492	-28921	-22196	-52153	-29515
26728	34559	-3428	2137	4268	-57144	45026	54442	40122	13028
17303	-37295	12793	24036	4226	46066	-8647	-54434	54181	-37511
14538	-27326	19744	-11797	30194	55979	57373	3538	-13727	3799
16841	58836	-6929	-41946	-24983	-28289	-34147	-27711	20001	-41861
-25305	-45263	-29758	40295	26170	484	-25647	54053	32485	-32666
50240	50485	43001	-14863	53913	18298	-6012	8737	-8551	-462
9408	36407	-49484	-45070	33974	7707	-11200	43275	-48675	54493
35203	39964	49811	-43243	-37730	56732	36882	8047	-42116	-29105
-32398	2020	30187	29291	56347	-3411	31658	22928	-38301	46736
18017	-26727	-13037	19071	2104	-50578	47264	20823	12610	48758
11054	-35040	59774	-28290	34542	10756	14329	-11954	-13546	20934
-39290	46696	15325	53971	-39117	-18058	52412	20363	-29592	-6052
33990	51095	-49731	-18497	19225	32013	57903	53652	37012	-54979
-16205	50142	-58449	11309	12692	-14667	6965	27507	44910	-45810
12620	-3578	9197	-41434	7841	39041	-49572	17456	-50675	-21582
-29236	21549	11984	-59542	38633	4631	11228	29850	-57446	-33702
-41547	-50307	-24014	45910	-19213	-26833	19268	-25258	-26263	-49502
24677	-28132	20057	-59528	32445	-45787	-5227	50905	56062	-4478
5140	-12947	1432	3676	12094	53003	37152	-5973	28120	27328
22512	-39919	55637	-55822	49757	-39149	-59341	16034	26042	14088
-2436	-26116	58920	37731	33796	-30569	-18454	20757	34123	33611
3734	28731	-27497	-19898	-50653	-42215	-37474	-21769	36052	-17093
-12211	-29380	-24852	40387	-23346	-33405	-10856	18508	33717	26482
-3950	54402	-7955	-21590	-38166	22570	13591	58710	-9001	36426
-4783	-18285	-13872	-11076	40609	45475	-13437	-8932	-29665	56373
-24037	-20165	51223	18458	8349	-46194	42325	-22930	-2379	-43815
15617	-7233	52141	-13585	-4564	-25973	-49275	49176	15929	6439
20254	-59201	41395	-1785	-21722	-49107	57765	23357	42602	25944
53227	27059	2589	50532	-17085	16279	6905	-40442	58253	-26898
-17970	-26691	31085	54454	-32164	-26361	-21162	5750	-21260	55106
11368	-57690	45195	29675	-50251	26495	-18787	-2240	21751	-14591
7107	27410	29653	-55109	48588	-12849	35883	14936	25849	-30786
-22461	-43278	-12469	47786	-53703	19044	11607	45822	-8037	49932
31005	28041	41073	13696	35264	27927	-10312	-51785	59143	4927
20278	11246	1101	-31945	-3682	31360	54409	-21501	-27431	19439
-31939	-32278	-19574	-43123	-45515	29366	36238	-43559	-49212	48726
-13615	-26933	-56033	16518	44628	-2596	-49658	34740	14006	1884
45479	-18089	-10710	43062	57950	-13618	15788	4319	21304	57411
-50613	-34113	29408	-48743	-24570	-45203	-36851	16526	-15745	1014
28144	48083	24960	-280	23254	7044	-28620	-48718	-26109	19824
39784	-29070	-47212	-501	-33144	45355	22041	-30928	52242	-51942
-49669	-41341	54775	51408	29586	-51520	31948	41506	-4680	36216
-47490	-53364	-23038	56193	17270	-36460	16093	16718	-50159	-45562
37917	36600	31438	-1128	-1509	-48891	22181	-29088	-25456	38049
29424	54637	-22120	-519	-8808	-26115	-17145	25431	-17663	620
-30314	31504	52670	-14879	-250	-23157	-58836	-47031	37685	3649
37465	-24700	-56995	-7310	-10773	42992	-5404	-36250	-29205	-45110
43015	-33015	10732	-44716	-44117	-32689	-36060	14856	2525	10887
-46308	8767	-53708	-44971	-601	11893	40257	-21271	-59295	-53387
49627	58643	-38092	-47678	355	-23315	-3731	-46543	-24144	-56574
39422	-15812	59691	6080	-45080	-52592	-3947	-43055	-28318	26988
16447	-52226	26661	-1381	24456	-11338	11807	-24020	-26783	-6982
47549	-34390	39786	-30497	-20848	45450	-6470	-27731	-5916	-12441
-27814	22921	38132	27671	42052	-42846	2575	-52665	48229	44926
45419	-12703	-20708	-19223	3830	-9097	-437	-58998	-54841	52293
-16466	-46320	14204	42693	-55285	17315	-55895	9592	2949	-31305
-23803	-36070	-48349	-44271	-52746	53979	54000	12579	-51678	-50174
-47335	-6252	41229	20585	-12497	20482	-23327	34960	47817	-7827
-59192	816	-31614	-484	-33657	-10796	-36357	-10716	-28211	-41885
-14140	-44022	46802	17754	22455	-17536	40069	-14908	-44416	-44474
35411	20216	38626	38821	2202	-27212	51435	45052	-22348	-20482
770	-31596	-51126	2642	-5390	-23700	9716	-27218	-56565	14530
-11247	-10241	-52819	53675	10741	-15284	-56752	-36213	-21802	-32637
-36455	-57555	53960	-1197	-48028	-2654	23591	-15481	48581	31255
-26000	-30797	-40285	-52457	24134	29631	8554	48363	41019	25760
46351	-23976	51854	18003	6552	-4254	14319	9407	23363	51588
-6952	-57346	-3306	49920	-11699	55998	4915	33493	-2981	-45450
7673	24837	-55519	-4561	51819	-45957	13827	39268	31933	45255
45396	46127	3133	40812	-58261	-45791	29058	46339	21329	5405
58629	-48463	15088	-48304	-39738	54387	27952	-48814	-11986	-12410
29555	-13958	-31550	49347	-2914	-43817	30052	46546	49035	-33601
16799	293	-2976	-28226	-24221	-3047	-19204	50584	-9403	46556
25858	48630	-5872	42871	-40423	-53667	-45689	-59422	-24184	-31529
49781	58911	28623	-18921	-25053	15055	-53414	-34432	-953	722
-37982	-31954	-23769	18837	-35099	56003	-8884	-29626	35789	-50312
-50899	-57017	-12834	-46172	-10380	35614	29888	-54259	7944	58228
-38799	-17318	48303	51209	32106	-28062	57729	1821	56097	10499
-42583	-51025	-18007	43518	30573	-10995	42415	-35816	-40184	58900
30319	7976	53849	578	15547	43531	-28474	41038	37051	-40096
-4704	-35065	-43515	-50780	-18455	55668	-15220	-54237	35761	-17185
-14578	-57505	-25343	-29993	58395	18156	-3140	7618	9293	24177
-16442	15924	-9770	18083	49051	-30430	31510	36571	-31768	4144
37454	1035	-5926	25006	-1158	2298	11883	-46880	29149	17081
24036	4069	47721	-7088	-38758	-4027	-53170	53447	57082	7078
46000	-19591	-4005	211	-24652	49188	51405	29446	56608	46805
45606	-2573	27073	-25508	-8646	15980	52736	-10454	-29670	13900
-36143	3177	-47087	8275	24653	-29052	46014	-59858	-33910	12671
-29354	-31057	-55461	36796	-43662	-18795	-43651	-21371	-50579	45092
37043	36112	-28523	-53960	58314	-33719	-45443	46453	-40563	3013
-16584	-50369	-11091	-27173	59138	-23990	51797	45984	11727	-22932
-10386	-39010	-34385	-20394	-16142	57742	13589	-21803	55738	24991
-888	-9140	1450	-34981	-25678	-42107	9382	34316	-20649	45196
12755	-46715	6691	-58492	-33556	-24416	46294	-13183	51151	-37210
35170	34634	-31890	54703	30676	9795	-34785	-24411	41817	-36378
-47855	44881	1505	-32267	32453	35358	-10724	-56333	44666	30927
4671	-25616	-21262	-8570	-54915	14411	53543	-4279	-55877	-31412
-14787	43244	7336	847	31616	59744	19800	8273	-1002	-1174
-10703	35248	-3113	4950	-2307	-42905	-36125	-4192	33932	49257
-47283	996	-52073	-2305	38174	56998	36030	8909	35329	-727
-49238	-2769	-23733	-51525	-19085	23747	-3517	-16091	-31921	33365
51721	10295	34410	-12133	54467	11987	-56984	5063	-20102	36501
-29437	31720	-49072	21340	50083	-41107	30144	-46690	-14601	50961
-1180	-39685	-8354	-13277	-30360	-42517	11424	51141	-47778	-34711
-38980	-47876	-38110	41095	7869	-8856	-54869	22733	-51299	53866
41431	26016	786	-16230	51295	-38975	-58105	50895	20358	49100
29657	2331	46490	594	-15774	41431	32091	-42959	-9062	-46637
54753	24468	55913	12112	-23463	-11645	3517	-43013	31505	-13337
-31095	-318	-1248	-26531	-9650	-10884	4205	-32948	3497	5965
-51423	21552	-9419	-5312	6075	-14700	-8160	583	-39401	1966
54958	-52831	45840	-44540	15324	56085	-518	-52305	52881	-58843
-21356	27090	-25289	26255	4105	58710	-48430	-38679	25726	49358
8485	-3879	-29710	-17408	28626	38436	31914	3494	19920	-35818
50283	24026	-2127	-40342	-20366	-9609	14098	34051	-17285	-26717
59304	-40150	-23560	-36680	13913	14426	21737	30827	30856	57162
38703	51300	37785	13011	51199	45075	-49291	-49913	2874	-18312
30999	-39598	-59800	-7153	-47751	-53770	7962	-14030	5442	-21785
8606	58741	51147	2796	59074	55803	-4004	57767	-12282	-9272
-29603	40396	-32528	15601	-15410	38995	51058	40961	46433	-7430
6203	57765	14851	24999	-26522	49268	-40422	-35017	3234	-41700
35054	-33158	5920	22243	-17970	-37647	-23115	-15838	-31191	33458
-2582	-40378	-52738	39916	-15670	27843	37259	-19290	43563	49203
59350	3433	-29430	26025	14538	-8849	59950	-11643	-37865	9901
-44678	-18771	17421	-28609	-3470	27528	-27976	-34634	-24604	-1201
-53642	5308	-19379	42700	11530	33786	-34025	-58257	17815	-44223
46365	6660	-2746	20907	-50984	53552	-37799	-49561	15255	35788
-10099	-49871	22610	27317	59054	4863	-50585	48852	15515	57244
-11159	-29922	-36973	-51999	58846	-2872	-20360	30077	-27028	48871
11072	-59713	-7645	22852	53572	59015	12264	4018	-31976	-29445
-16005	48410	-2280	-11106	14492	-4621	-16776	2662	-18008	36544
-23534	11337	-58443	-20283	-57011	56008	-37879	-17817	-12752	56517
37934	-33702	59166	-49005	-56226	25823	17864	5176	-47464	-6108
-54547	41764	33360	56790	42743	27438	37529	19339	12487	-51221
47928	29419	12836	-27677	-30838	16647	56743	42338	-910	36004
23930	-9588	-40997	-26973	-34023	1426	-32431	-14755	6836	-11464
33858	32085	56025	23575	50104	-44871	31632	13956	-30950	-56476
53639	1085	-3653	16416	-56094	-42446	14310	-46236	8688	54297
13866	30723	46805	-29906	-43840	-33766	-8753	48139	23044	56918
32688	-16957	54886	-12688	37695	-55215	-5217	51371	44566	50758
51169	25235	32992	-40649	48616	-43101	-28486	8350	29871	28490
44703	-40073	35150	-54536	-26915	47156	-35867	15602	-23142	46339
55278	30723	-54917	29919	37172	-34826	21741	57873	-45401	-12569
-59685	-35295	-26041	-35932	-45860	46368	-43572	-59472	37711	45244
-18676	-33584	5036	-4441	-33177	-32083	42370	-27755	4253	-15472
59601	2913	38012	-6609	-1443	27913	31804	43706	38712	-23135
-43281	-51682	22768	26472	16273	34509	-51927	-21468	47582	3303
-20126	58834	10210	-29049	32024	-24263	58706	-30931	-14664	44242
-47840	37194	-54530	42066	16059	1221	22676	-38212	46132	26099
32229	58924	-53286	-36508	18074	-42297	55375	-18476	-43196	-39433
42725	48240	30915	-36031	-12467	-47380	-21600	6072	57529	47090
58212	20672	39525	55566	-34076	-27877	28432	46374	4141	-27949
-2378	30237	28880	-47013	45981	-15281	-32280	-58701	-56638	-362
36503	31392	2205	-19231	59175	26954	38374	18034	-31912	-18666
-23912	8875	-43023	3453	-59881	45707	6650	47758	16889	-43951
1630	-46877	5129	-10642	21783	-13945	1382	55368	-28038	49759
7352	-4583	-20446	15092	45107	57234	-45259	-24778	19568	-56604
15998	-2733	49475	-59026	-36324	-19016	12832	31145	38528	-50010
-33175	52617	36321	42071	22218	36750	37878	-16827	18421	32685
-39403	41877	-33373	-41266	-48987	-869	714	56158	-27603	-40291
-55217	-23226	9750	19994	-24130	11992	-3923	6670	22500	46641
37599	-24521	-53637	-12168	-8238	-53375	58444	58653	18704	10713
42970	7976	-42013	35241	11560	-1538	13653	-17873	24902	-2139
32989	-34276	47889	20848	-18820	46981	-21101	-14908	-27540	50700
-55621	-51459	7424	32837	-53869	1038	10937	-44140	1231	-9496
-50424	-28487	12952	-30519	32307	14636	-35005	31939	-59814	-44108
-9840	1566	-59942	-48804	-23392	-5153	-45207	-57660	-638	-33615
-11420	54106	57513	28185	29754	-5921	-48463	-12191	23342	-2009
-52243	29863	46912	43148	-35877	-19474	3090	-57935	45669	27497
-23443	59354	-53273	-59687	36763	-40660	-31752	53896	-29844	43975
42300	-58865	18673	1540	-47700	-11523	1561	-20393	4033	-48685
-38064	-29407	19147	24577	-5306	59327	31835	-25361	-53772	38152
-57068	-24290	49346	46646	46039	8292	-53622	49439	-43536	-30387
-2378	43044	54882	-35637	-17569	51753	37064	36330	-16274	21893
-52164	16705	9975	1808	-20684	25385	-59081	-53962	19631	35449
23426	2356	35657	23954	13974	52167	33839	7929	-38399	-13865
10462	-22008	8045	41397	58323	69	9841	-29730	-54997	5887
35903	3556	47706	-2465	-23846	-6036	50156	34694	2450	-50576
32875	46838	-47441	-17033	18726	-28862	-26349	-18455	11837	54162
47150	-36274	-31961	59519	-2062	46692	-53454	28695	40651	40154
-28006	-12959	-57174	-18081	-20928	-34493	-13856	-42332	-11873	-25879
20953	29404	-4341	30738	26772	19205	-6672	43614	18958	-32996
5403	-57327	56411	25018	-51336	-6844	1222	44538	31242	-37687
52153	-14319	31387	-38875	59980	19175	4797	-29940	42242	45719
-15270	15516	456	47495	-34723	2162	28068	-56397	34786	-17950
-56176	27257	-27126	34099	-14408	37914	2685	-14768	47768	48926
-3359	9207	14460	36907	-56239	-36569	44785	-25875	-23730	-16836
30024	39673	727	14074	-17344	-3056	-10824	34371	-19000	37096
41962	-46919	23846	-11540	-52531	-10287	8767	-28975	16757	46136
15800	-28091	-34829	-23500	-38639	-57007	-14705	48023	36210	-3700
6647	39860	53587	58449	-752	16029	24760	24961	-7465	58460
-13150	25943	-5306	53748	-44787	17414	19890	7859	-55452	-1457
11188	12309	-27033	21526	58046	13826	-10469	22995	-40241	-33964
30268	-24818	49709	38163	-40552	43276	-52340	9721	13072	50701
16809	12270	-13512	7238	30566	-535	-6481	-40740	43011	-3484
-33052	9795	21843	19177	-23242	32978	-22586	58120	-9396	-42531
5229	-22243	7542	-16751	55938	-8410	-12217	-16863	-13213	-9782
45849	-7071	-4011	-41826	2853	-19772	54167	-15362	28344	-49015
-23751	42734	-37008	-20861	35009	36113	7746	13543	-25123	-35984
52951	54371	9173	48859	6211	3517	-22010	59465	-43775	-34619
27707	-58692	46986	-13068	1437	-59257	25089	14714	20358	48967
31149	-12806	-32632	41760	-2961	26568	-15528	21561	44052	-21970
12629	-5643	15901	-1610	44946	-30147	18042	16258	49640	14395
44269	13676	-47929	-26176	-29125	45527	14126	-51605	-37154	34470
-37339	-4313	37269	-39773	-51230	51944	25118	42566	26525	31385
13539	-12712	-49782	-52176	25228	42547	41386	-2118	31206	-40197
30087	11358	-3756	-4079	-43860	-24319	-32034	-24914	1702	-55681
42749	3966	-26766	43259	-27187	-4786	-42517	44729	49353	-15065
27559	40860	56836	-33081	24181	32129	-6128	-21095	-6369	-38577
-9025	-54047	-21349	-30409	-12334	-59239	5485	-45402	6325	52789
-30995	32385	-48831	-29812	-49356	23315	-21839	-55616	19602	-9714
44912	31141	12047	37574	14342	-20653	-213	14370	-42888	-45577
419	-36988	-17690	-39460	-7638	35489	-481	-21178	-31194	34370
8845	52818	-23922	-18984	-9199	59252	-48392	-14690	-28632	30424
-29468	48426	-45711	-12936	10948	-34825	-1675	56890	-412	57538
54652	18158	-28611	49790	-34277	-29495	-26844	-24212	6913	48912
-1422	22029	44676	15863	-40197	-59590	57530	48117	-1447	-18087
32544	-1692	46370	-8400	-9715	-16183	3603	46148	2620	-34017
-23162	48908	-18801	-41861	40073	-45297	44771	49055	24835	24109
-4972	55899	-19730	-18	-31903	36867	45962	54426	-38690	15553
-6999	-55421	53875	-55068	-16195	19023	36692	-44898	-3337	45537
51655	59087	-29716	-52536	39298	9240	30702	16672	31575	-49063
-13063	-15718	26166	35320	-57125	28589	-53465	17345	-42914	-30805
15090	56958	-56628	35921	26658	1285	51887	15530	1104	46304
-5704	5401	-24125	36352	-18676	10423	-2249	13515	-22980	40169
-37078	-3070	34825	-6274	-27731	30184	56931	-12276	22394	52727
-16589	-59585	1083	58093	21664	-59481	-50716	-17996	14346	-34027
18077	-32158	4546	53214	37137	5982	-59958	36169	-36121	7499
54557	2630	7795	-22088	-56529	33787	42077	1413	-16984	-4038
-48848	-23325	-22823	-16935	-34549	-55179	-11014	-7213	44656	-3947
58763	9169	-41074	4455	41623	16952	-35757	-43915	-29282	3867
27634	-26211	-56086	-59284	-22855	-39177	-57854	7580	26311	-10195
-35627	26031	-16597	56364	-49724	58718	5270	1833	-35037	-59942
-53270	59669	-33592	-31529	28538	-49495	-59042	-40964	-10280	-7744
18768	-38690	-45784	-2408	27843	-11427	15727	-12978	50044	26926
-16344	-41768	-47406	-48455	-17099	-12856	2532	-21668	-27249	32904
-31414	11917	34939	11977	14767	40340	-57111	11843	-28401	-28676
28312	7481	-12043	-48296	50616	2381	-14424	-19775	-3219	59364
42814	25208	18830	-39416	7051	19690	-27425	28512	-33420	-51047
39248	-38204	49163	48858	59231	16323	-3715	-6931	-32416	-52295
42231	-40787	-18686	51345	-27641	-45891	-28588	28490	-42655	35710
-29957	-24552	-2692	-20941	-442	21516	7370	-51106	43007	-56318
-1560	14054	-34094	17449	-38362	24760	-6457	24052	-24395	-10666
-4977	44330	-49600	-51028	-41995	39165	42070	13793	39267	22473
36587	20071	-45335	-9399	1632	-10881	59594	21593	40928	-19255
52368	-37941	11494	20760	43344	-57138	-24302	-9777	-47485	-49462
19040	54624	-22293	8893	45687	37519	55708	-22639	-3032	-48729
45947	11098	-22746	-40358	1447	-11791	-47280	43656	35668	49804
-43277	-25724	-50939	52492	40412	46056	46213	-38977	-51565	-11693
-48981	-54071	44445	21027	-14698	-24883	4415	-24168	-25766	25078
54968	-46641	35908	-22350	13444	-28657	30702	-16584	40360	3116
11867	-47134	45034	-4654	-48045	5124	-1111	21187	-8330	-1978
-48225	-37637	5231	32096	-28500	5483	-3963	-25213	43812	-45391
26302	-55895	-31270	4090	-53782	30623	16247	-17662	-15465	9288
-6017	-37401	-47981	-28777	-39317	-53518	-53085	1827	35552	-35851
30698	47836	-4988	20123	-2932	25794	57483	-12683	-57352	-36293
-52042	-4407	19168	-25460	-17762	23752	4381	-40979	4229	28510
26284	-57307	4036	6648	-51732	9636	-34029	9264	-28824	21820
-56019	-43348	39486	-47626	-25688	-3605	-49949	10537	-45346	59372
-27430	-19822	57856	21140	-59779	-20302	-13053	4045	51081	-12192
27443	19390	29300	-39412	-35684	-45870	-48260	-33544	-36131	-56266
-17076	1580	46848	-12848	23687	37695	-41743	49811	22888	-25711
41208	52642	-29030	34045	6371	12765	18286	3836	41757	-25749
7211	49359	33810	-9841	-50291	-33976	-10531	-26178	-44939	-14295
23631	-2331	22194	-2840	12680	-18971	14720	-11410	27802	28727
-33500	56937	-35754	-35502	-27559	44296	42870	-20423	38535	-10487
-38069	53861	3556	-17446	-42986	44207	-52651	55985	-31295	-22372
11086	7857	-42558	59231	-32924	-49042	25318	-18433	10688	26841
47081	-22517	1223	50340	-16831	-834	40513	10970	47102	38247
17965	-43846	-33315	38398	36968	-55165	10895	26717	-59075	-28774
20894	11111	-46478	-44006	40056	44673	19600	-30541	-26538	-28070
-55532	7262	-39180	26079	-5194	-23283	-47924	59953	31923	-43214
5952	47705	23412	45800	-3032	-38945	-17324	12937	-24806	1651
-27072	-45250	-37045	-5457	-34338	853	-3506	22250	57748	13702
6314	11366	-57758	14299	-31601	-5264	54212	-57237	-22333	-836
43048	-39944	39883	36891	4815	7741	23221	-20575	-3799	-45759
-40868	20178	26631	-11592	-45691	44806	19835	-29315	6800	-46057
16914	-26227	51914	-9333	54458	6028	54951	48017	40766	44120
-29671	-33232	23607	5824	-3975	43554	8561	-37338	1686	17044
12486	20506	36034	26093	12757	-38727	-53094	-58057	-36386	2525
25661	51124	55538	-5522	-27512	-144	3941	59721	35457	48193
17865	48983	42419	-47993	-6918	2756	-35046	13010	24538	-33457
9213	-45708	17318	8222	-52208	24976	-49424	30420	41482	-32605
27749	-38862	26215	-10490	50478	27395	18970	-58554	21140	32250
-45030	58903	-56993	-12679	-1418	-37887	-36632	8001	56896	45470
-13304	-59634	42665	-39592	-1787	17857	-39207	21788	-6452	-9650
4898	-14742	3923	-19507	21270	21615	-46384	-19752	51883	26005
24995	22711	21039	-49310	16920	-32777	30633	17900	-33545	-49998
-30869	17758	40866	-49183	-29788	11817	-15115	-4496	-9479	13112
-26026	-43718	3266	30558	-5022	38340	-49290	-58521	-3491	-49323
25031	-42030	-26802	-28801	-58547	-137	25978	15144	10091	38992
-52452	-40575	-59450	11827	32372	36145	-14087	-34870	44183	53666
31443	11719	-35173	-38302	39123	-31819	-42632	-45866	49287	5592
3290	-27709	49567	-47874	51948	-12255	-41856	1292	-52427	53621
-35417	20747	22681	-40356	21167	-45126	-768	-58812	-1979	-58530
-41692	-45595	-26589	31579	39840	10023	-6013	30409	-16705	-14359
-543	51240	57591	32310	-51355	-58959	-43079	34737	-31256	15897
-41050	-43929	33001	-39738	-1641	3056	-8712	18046	18080	58073
-1979	32235	-29385	32767	-51937	-39326	34034	-38190	41747	46441
-15811	2006	-14282	-52254	36852	-26385	-52474	-56692	-25678	-50204
57998	-48914	25023	-57940	-50641	-35786	-39710	-35920	30048	26644
-31739	-27592	52186	-17322	45055	-5380	11881	35055	-15510	-5682
-37557	50571	-58510	17009	16656	-35776	42464	-16160	54823	-18389
56970	-58249	53217	59470	39861	-46486	-2927	-9351	-19049	39462
22104	56438	-11694	23306	41290	-42587	-27893	-4919	-27575	-34298
-38219	20396	23834	-1855	22900	7159	-47106	-14493	-31148	-17669
-243	-54499	-46642	-28162	11658	-3695	14911	1258	15008	-31185
-18562	-13062	-18704	27002	-32621	3088	27494	52218	58724	-48298
-15141	-29411	11115	-6173	-47873	49820	27884	-18813	-20039	38548
-32633	-33809	52932	-57608	9216	28783	-16911	39601	-41698	-8273
-58377	-4859	24885	-15358	39518	24942	-35831	-36039	37815	-11338
38461	5927	-290	-26549	44637	49479	26715	-27864	9148	36700
16982	7546	-13018	-50486	-793	-5192	-31172	-4191	6131	3349
-7590	56710	-21467	10754	-8493	-25712	47722	25277	-1927	9427
37239	25222	29458	-30862	-54495	-33065	16617	-2669	45598	8548
7619	-35188	52884	6722	-22876	55769	53975	17161	34020	-145
2888	37873	25597	42076	-30851	51015	-22040	-59289	-13173	4221
1612	-37607	-45238	-21414	25670	44132	16247	20399	22777	-46156
-44129	-37077	-56207	-21937	33960	-53936	-51176	-46020	-53644	-4170
-40739	56077	-58571	-25040	25872	38272	23504	47369	-18775	-33790
19336	-28167	-20609	-41097	45339	33248	52973	14192	38956	34345
7718	11571	-1951	-20553	-10894	3662	-56093	-56943	24914	38932
33991	6020	-34187	30994	-17224	-23200	-55914	42241	-26925	-57286
1849	34394	-33177	24403	56709	-6532	-7057	-29105	17921	19154
19838	-46499	14691	55615	39361	-54737	6805	28384	-46599	-31349
-19908	-42978	51552	-57670	1285	6679	-6223	46244	-58504	-37419
-45322	-22233	21131	38252	48567	-5953	-57913	-45152	-21013	10950
-34237	-31726	36206	19547	-19602	-28748	-39463	-42261	47259	27642
25930	-14420	-40360	-55460	-16094	-8021	31648	-49000	-54214	42577
18847	-25505	4098	47368	-41070	22545	-4952	36669	-27176	37579
-1318	14371	-25078	-4820	-4192	26220	-5994	-33490	38243	34605
10117	-3453	-45731	8180	-40562	-24595	6370	-36514	-38427	-58120
55063	58804	-45418	24819	-40061	41022	43779	-6444	28221	23541
-28838	-47590	-20306	54035	-18471	12507	-30307	-46003	-18648	22436
49189	-3930	28372	55238	21314	-40941	38128	-25867	56756	-35188
-39303	-51494	7600	-15514	11668	-52621	52504	-28627	-27677	-25184
35895	-39543	30193	-70	8294	23507	14489	39432	43931	-23362
49674	16709	-7966	-50406	56612	30771	-49588	-10852	-5845	30067
43613	-33505	880	49644	29985	-11791	38267	-12912	-39739	14797
5974	-16864	-32625	53372	32837	525	16898	-20494	13327	10739
7625	-41355	-37533	-41120	-39878	-31999	53849	-39234	-53902	-38912
12987	-1649	-45035	22174	32411	57172	43840	14219	47636	7111
45174	16975	4287	39464	20512	-31966	-33365	-39332	47865	42017
8380	16492	44355	6571	-23549	-25271	4314	14303	-57356	17759
52279	-42053	16539	-17748	-26431	-44244	-58548	37963	-51950	3667
25026	12835	42438	48411	-40700	-7932	-53061	-49819	27130	-47592
41158	-56076	-10942	-28625	7581	-12525	5040	-53302	-19966	59112
-22662	9705	8177	-44392	22133	-28235	-10319	-55758	47733	27632
-16099	-6097	3804	-8699	-15622	35623	57377	20214	-24690	25900
-3324	-28912	-43921	54815	-43737	27524	-54249	28892	41546	44052
-6748	38642	33457	58764	-36896	22745	-4823	44908	15028	14332
-54682	42174	33214	25928	53840	6703	-34427	-34626	-712	33858
-51198	22579	22737	39691	8080	38905	-20863	-13134	-22092	-16015
20604	28755	-9605	-25356	-19369	6142	5180	16031	44849	-50526
-32784	-51223	-8477	41936	41598	-25500	53528	33021	-3263	44975
41867	-6247	33351	48405	55768	-43378	52415	-24780	17785	-4698
33521	-18979	54883	-56136	-19124	10916	23754	-16733	-2289	-55657
9714	-58737	9290	-3742	58061	48596	-28344	34349	40878	53137
-26805	20048	13294	-4728	966	-45274	-44063	50828	-31700	-36410
-10015	18073	42446	-59062	-18245	15931	-54479	-2832	-59621	-47510
-48198	-9269	-14579	9418	-31840	-4452	17904	-15134	-52436	5534
36396	-17490	-56203	27633	50191	29757	-54072	39407	42570	56435
54290	4786	-47704	37101	-42367	9534	-6533	-42634	53010	-52620
-7189	46589	-21156	-55605	47576	-53626	-45934	17427	-21494	-32334
-12038	-6747	55505	58787	49035	33830	-8570	12240	-34255	-6442
-22050	-44638	-27563	-3615	-46883	53677	52775	4112	-52144	23518
-42131	-20292	-26949	18986	41737	11471	-46026	-2173	-43357	-23798
-44099	25294	-5119	-39026	31665	-36755	-26212	-56668	35176	36673
-54054	-3268	-34310	11298	41428	41987	58528	36654	22610	-15425
35057	-56857	-15410	-11606	-15382	-10168	35110	-33410	-23363	49114
-49138	-5688	39221	-53905	-28775	26359	-18949	-22592	-51589	27509
-30316	39378	43362	-42307	50068	21064	52627	43505	16058	35943
-25343	-21190	52284	58516	11003	-50036	31243	51258	50897	10461
-30025	-5271	7004	55427	-4716	41829	-38468	-56664	5460	-48907
-28396	59455	55914	-33456	940	48210	-57339	-17113	-21606	-38199
-3855	51468	18697	-54832	-46880	55476	31577	-49563	-41942	22153
-46364	14466	-7121	-47617	-12957	48531	-46383	50451	28558	-16622
57737	-36244	46186	20441	-26076	-40943	52828	-43845	4074	23628
44206	-26698	-37195	3799	56506	17554	-57515	-6657	54093	5089
-57769	30750	32090	-30856	29729	-29418	-45748	14812	48344	-10226
-56391	20428	-47579	-13003	16095	36106	35218	-6374	50655	52823
6457	10730	-53522	-55648	34315	59172	-41151	37970	31710	8045
-59413	2417	43845	114	-38510	43764	-57332	26406	33149	-36637
-55612	-52679	53394	-14826	-26788	-12187	8396	18197	-16270	-14567
-37068	-43830	-15856	15748	45863	55466	-11673	24966	-21120	44615
40783	-34755	-25988	14883	-55592	43120	-36633	-29731	-47988	-38253
-45805	-54134	-25070	53398	22617	50925	-19593	53207	28755	-53853
-37765	-38847	-14050	-4197	51865	28384	4301	-43615	-54321	-33876
41094	40320	37216	4626	49424	1181	-3178	52603	-7882	-44691
46874	-26844	-38379	49271	10473	-41305	37177	30164	35794	-59286
19169	-26523	-8033	25224	-8546	33021	-2531	50479	41396	-30364
-191	31602	54090	-25402	4683	-17511	37958	42389	-55058	45616
-30958	-42089	36319	-6906	3186	-17054	50748	21106	-24202	-23834
-29478	-17061	-9245	-57414	-15372	11451	-34868	2650	44663	53911
18512	43432	53573	17925	-40802	38692	-38523	52963	6874	-12631
21208	-1077	-7758	-58481	-56444	-10631	41002	-43939	-14257	-17796
-30832	19529	-41794	-29675	-53579	-16176	-58487	48630	-29928	7697
41707	23311	3622	-31704	5250	13799	-47839	24425	47170	-45554
-33441	13345	-19812	28398	43810	-16331	-20192	-7157	44461	50895
40468	-39183	-54961	-18169	-29223	26811	-35207	4813	-45157	-46110
-25356	14297	-10837	-36928	-50105	6378	6647	-21513	-27900	52498
13071	-20400	35916	-40700	-14632	-27556	52538	-13467	-52629	18637
33402	-7667	-23456	14031	-21511	6864	-30883	38149	-10640	23920
10004	31146	17629	29070	28542	-4655	-34091	22504	-50542	13506
-42937	-37341	-59715	-54425	-37107	33605	-8565	30629	932	45969
-5121	-51415	34723	39789	-6878	-36947	56042	10826	11138	-5936
-23665	18546	20896	-40596	-1497	-29362	1722	19185	-1526	11714
7110	46023	-16250	-43223	53806	40554	-695	23318	-24461	-3888
12506	40957	-2389	-19144	-32335	46524	-3939	-20588	53615	2620
22553	-27576	52551	16959	48325	-51363	-15183	51490	3115	43249
58041	19345	-49026	24684	19977	-34774	40967	9285	-24867	14177
-45294	18325	-19559	-53118	46244	39272	-40402	-28690	55602	18435
-51288	1688	-48837	48071	-1292	-29033	-47915	-8250	24002	26680
19072	15634	-18953	8854	-15286	-16591	43871	28474	-14904	23109
-46426	36216	-2726	18959	43001	-50577	-8607	3842	9138	6284
-23006	59620	28958	-56441	-36052	8066	16193	-49030	-53756	1211
16952	-7189	-45595	-16951	1450	33280	-4545	18564	32564	-1619
-45740	-57078	26380	10768	-13362	-28992	45721	-51412	-9311	59529
36701	-55983	-36347	-45494	-24657	50623	42329	26653	-15323	7032
-28303	45489	46494	10094	3372	-41578	-10206	41618	-43657	-28736
-21450	-7283	55604	-7811	-10976	19654	-46363	13102	-55139	42496
53907	55707	-56022	-24220	-13551	-3101	-53896	-2239	-9216	3954
-12843	17034	-38495	4133	-56670	-34645	5767	-44799	-12245	-58434
51911	8039	-36687	-11715	37711	12599	-25038	45995	39159	-2899
12972	32674	-18302	22422	57364	46349	-31858	-42944	-33819	-13001
33295	44507	18540	44419	-48794	-363	-36710	-54513	17634	-32100
-37296	44740	-20079	-5901	25776	3100	12760	33455	9982	43579
-44950	-56355	13248	-7495	-49128	-40889	-41914	-4768	-54582	46151
-59803	-17519	40203	-28102	55974	23524	-31150	-37914	-39348	19719
-3528	17126	275	-5163	39874	34096	2675	-49032	37855	-3919
-12168	41857	50041	-40844	-26011	-28074	26425	38115	20255	-8269
50203	-36500	15340	-5064	-30797	-18187	-15846	11871	-36538	10784
30243	32695	-6971	-1368	-6653	-44576	13130	41670	47376	22467
10639	-49483	-35031	-58984	5213	51871	6924	12075	7415	4137
39106	-2265	-59106	51742	-58407	38928	23338	-46104	42864	-39727
16351	9698	-44363	-11880	50667	-29661	-46215	4648	-17784	10586
13591	14935	229	29564	-48278	-1037	-13113	21270	-36544	39982
55563	14490	11955	-4717	-24003	58109	-53061	8586	-11831	15736
-54365	26666	-44193	-30769	-45314	20680	-40840	38612	48173	3249
4493	-16751	-39836	17183	20905	-38947	-47359	1613	-35611	-2361
52620	35239	43811	18679	-19597	34208	-48412	42265	40505	-7772
47390	21523	9063	-42668	-54212	6165	-6860	18882	41214	-4358
-25919	-40376	1365	58707	9577	-17974	24852	31669	12143	16639
8310	-32701	-49186	3280	37770	-52146	-4655	-7475	-59023	-5896
-14172	34463	-38431	33923	41129	27808	14493	23798	-11857	-26825
9096	-54824	13757	-14913	19625	45060	-18812	-40311	-58040	14148
-27933	-10803	36551	50031	-40966	-33960	-48179	-43992	-13124	-55909
-17775	-38371	49037	12028	44274	-29661	-2961	-15574	52579	-6489
-13442	46713	-25841	-29532	-12873	-39689	6528	-50058	1628	-9324
24480	-2070	-33816	-7992	13806	19760	-1534	7682	-25356	-50858
-17948	33895	52349	25858	32297	22733	-2508	-47628	53409	47829
13648	-48590	-24674	25959	27112	-28089	42063	-38674	-10391	-54773
-17135	-16937	26054	-18491	56364	12431	-28482	-9019	-16273	25034
8696	9154	-37864	-33322	-35031	-49681	33393	-47918	36338	13097
41604	21402	44611	28905	-54807	-39668	16965	14939	30776	-35790
-34673	33364	43797	-53335	-19589	-18079	21961	-26087	37282	58889
7201	-40420	-25234	-11380	37095	-43025	-758	17412	21027	30222
-29041	18209	4661	24313	20007	-5191	14059	51325	24164	22231
-30418	-25984	36344	-56354	49836	37055	12316	14724	-31487	43123
-38631	-14517	-32693	-33278	5944	8043	44314	42151	54543	-54854
-27979	17855	51947	46195	24845	16438	-38502	-4970	9805	-48688
5651	-56685	18937	54331	-714	-37676	29928	19847	-27385	-47674
-44538	-32623	41693	40391	-47863	-1588	-51003	-56749	56397	-12057
-49759	43622	-7018	-46120	-31655	-2418	52541	54995	2771	34363
-33747	-23173	-1374	50816	-42174	52172	-47750	13811	-58480	-47231
-30992	57337	6651	48509	-57417	55112	7314	34275	13186	24671
49658	49306	13450	-26390	-14889	8081	-55685	18654	9146	-35744
-43039	-11791	33489	14373	-50907	-55030	51336	-22440	9523	-59373
-34195	26413	35718	-53250	535	-10838	-26542	27032	-42750	-38353
38364	58317	-24392	59696	11925	-40299	1586	-32206	-44199	-19451
2141	58891	-41804	-54976	-18832	18818	-36687	-28003	-24947	57967
-46673	-14953	16913	-13345	16301	2145	-50291	35422	-38219	18671
-56021	-46760	-32969	6060	-11239	-13246	-7996	-1897	27671	-45248
-32497	-45170	57350	-46055	53008	-16816	5675	-15184	-32019	20496
52448	15730	-26006	-41205	22105	25929	42395	20408	23012	-39239
-57480	40126	32549	13815	15375	2677	950	42450	35429	10503
-25176	34954	-22114	5692	-44302	-53970	-17567	-43343	25367	-6011
38689	57250	-40236	57832	36382	-44743	29540	19980	53337	-14072
-53079	52433	31823	-24127	-23478	-35196	-2477	-6207	-41866	-18194
-4291	-16072	4629	8729	-34686	-28361	48168	-57312	-26616	21648
-55692	-54094	-48656	-10229	38257	25400	-15222	27378	-27394	36646
-37913	31001	19446	29166	59664	-36782	-37056	48853	7659	-3028
-53589	59644	14099	-37626	50617	-28006	-25440	34420	57000	-38786
55095	-50319	-43207	48081	56399	-16772	-41418	32275	3917	-58105
-15520	-14563	-17126	20426	-36500	38068	46062	5192	21298	-46495
28389	-5755	-5649	10160	-57868	-36872	-32902	49083	18322	9453
40415	-18331	-55837	-8777	48718	5645	-53363	11176	41513	-24890
33277	53246	-5431	40378	33446	-241	47624	53243	-55674	-46466
-58623	-45191	13900	-50208	30399	-48846	-10181	-45634	18059	26549
25850	44748	-17847	10595	-56306	-25877	41421	-8161	5352	56919
48688	-31238	45821	14604	15228	29588	57169	-53345	-2327	-13336
-21236	-7143	-26889	19119	-16267	-16552	1875	-54842	-37333	20137
56462	9162	-25940	3622	58979	54179	35153	-55721	34228	-59801
46329	18292	-31189	14179	14704	58499	-53580	56889	-19389	-39869
24119	31957	51004	28101	12895	50512	-34425	-52600	10490	-1759
-34095	-15743	-10867	21471	48650	-58948	-59009	41772	-48357	19033
45935	20795	-33250	-57095	-23744	7202	-5341	13624	-30057	-34441
14015	46765	-49613	-17326	-6576	19558	38808	38421	36876	-57881
51724	-12158	-29381	41360	-4732	-56426	13197	-44500	24972	-11246
42916	38995	-34475	59929	8406	-8824	-56483	-57885	533	20100
43651	-18917	-56192	-29535	-47988	28031	-35999	5379	13114	12430
-57601	55501	-51627	-15156	-38325	30610	-31966	-56005	-29207	-5217
-43775	-13982	-8519	-40892	18494	-17410	42500	53145	-48629	-46507
-44660	-39127	-26463	-16872	33990	59690	-57893	-24551	51415	16007
5270	19732	-14984	-17480	-57247	37763	20660	-54339	31256	-1680
37533	-38115	-50600	-10206	-24033	-27168	-28772	-34183	9309	36802
-38002	10171	-3625	15969	-1740	37092	9035	51519	-34804	27211
-9396	-15134	2714	-6986	-53031	-29671	13459	13834	-28458	10865
28922	358	-30798	29908	29851	50335	40846	-56721	39909	53229
-9525	52138	15304	-23104	47448	12412	-38289	-56104	57250	-718
-32896	35995	57237	47003	32872	-43381	14316	-1065	20506	33756
35454	-14224	953	21864	26531	-16827	30346	49361	38598	-35888
59069	37205	33812	19176	22067	11034	-19333	54085	15793	-24094
-44087	52742	-55348	-56065	12975	-40772	-41628	-11232	18054	24804
-1914	18635	20475	37310	6506	22773	-27003	-4309	39127	-12267
-29866	56815	8817	-27740	11951	43635	-45994	18402	-32749	-25738
-15544	-37624	25050	-45660	-9612	-8690	16268	-30639	-37005	5185
-30397	-24802	-6034	21607	-17373	41585	50358	-51219	-9780	-37979
-9608	29794	-24999	25204	41801	-14067	53907	32405	6640	103
-34944	28887	57938	45004	-33895	-35377	-49377	-2548	14702	-48137
3142	9921	54504	-51694	38741	44788	-857	49149	7915	42612
-4660	-29651	-14127	37550	43497	-26496	24854	24850	10938	-13783
-33932	-47175	-33119	-47573	-16837	-3473	-8903	-47193	50338	3431
-58069	-29932	50425	-20875	7987	27760	57986	-4655	-59163	37795
5956	-14381	-39827	-31647	-4644	-22020	23117	22078	-10241	-10030
-32329	28292	-36229	-40271	-15614	-55337	37212	-5951	50463	21575
-19719	39959	8488	29537	27249	-55530	-54156	-18220	51397	-17000
35236	1330	48549	28246	-9213	-59224	46754	-35587	-33284	-4810
58006	3118	-12570	3311	10775	-28882	-29213	-3035	8213	-47464
52813	-233	-18587	-19443	-10297	7455	23634	-6797	-1188	-13862
25663	-35851	-51582	17459	-32673	-10462	-50324	26415	-39129	8319
-45036	-20972	-33193	-9639	1820	-39372	12991	-41053	30231	-49544
-24487	11378	-51928	-58968	-26874	29238	-38233	-9722	-24835	33301
11684	-600	7822	55188	31573	-19992	22741	43304	56698	-53788
42998	-58728	9904	5191	-49136	-35725	6376	49681	14754	-56723
28769	-51246	-55495	-188	13473	-50903	-50014	-30159	7250	-43164
-32924	-31947	55522	-52869	25831	58907	5854	-50750	50233	-56459
-46122	-27251	-33702	54929	-2189	-22407	-33046	-54263	29432	-26436
48188	-11257	-16245	57351	39109	-18061	25434	36948	30957	27169
25214	-29642	22086	4560	-662	-9969	48079	25714	31033	-2210
40846	57437	-384	-27213	6891	52674	-13150	-24814	-43850	-35685
9598	58631	-30922	23921	-37317	-42435	35961	14570	-8797	55523
-51486	-49918	-32006	-48065	52352	-51197	-45616	-56523	13500	-36912
43552	-51134	-17251	-32956	32776	-4423	52820	-40415	53108	-22383
-3267	45595	38593	-41405	19599	37645	57293	53801	29277	-26137
43414	8040	-41376	-24272	-38622	46204	38377	-27442	-29997	-3021
35998	-24303	-35208	-52302	58430	43622	38837	-37065	-10203	-15056
-17129	-39293	-18181	16497	55035	50924	30789	-44542	-24947	13205
-36390	36087	26390	51097	37508	45308	54205	-47947	57594	-39657
-11230	-35723	-37945	-52697	11616	13465	-42730	9951	-17039	41687
2181	-5861	33473	-47572	-53451	26333	-42899	-59539	-41959	-31528
23690	-11294	17717	-1608	10252	-52958	28952	-39762	-10855	54912
-28048	3970	-59409	41769	-29528	51403	-35663	22880	20784	59062
-5315	-52903	18287	43646	47241	44314	18253	-51847	48045	33120
-43187	39804	41604	12634	24860	-43523	21820	21718	-26848	-5964
-1378	-24101	31744	-6210	-42706	52550	-54965	-55833	32579	29159
58086	-21599	-25564	20901	-58815	-31894	-41914	53840	15702	51621
43798	51187	-1084	9343	21209	-321	35105	36474	-21294	-23969
35501	-55262	40471	7431	-59589	7674	28727	-18766	24055	19239
22604	58089	28599	-26920	55713	31198	54937	45371	338	9087
27711	7268	-29121	43204	-12827	47349	1525	11895	-44947	50302
-246	-11158	41236	-52905	-370	-46240	58477	23728	-9827	11849
27058	-46085	43402	-52582	-43458	11182	-32523	54954	-8129	37838
-15470	35172	38894	30810	-19934	-52282	17853	-6988	-43306	16403
-57559	35815	-58827	-56407	1207	-3293	1137	-48985	-3705	-41338
6675	-9247	49188	-32065	-59684	-31294	-44696	47748	50058	45390
-639	59939	38401	48957	-5781	-9264	-42118	-56501	26672	33299
-52739	39338	24326	-28317	-55221	-25439	58275	49410	26540	-24899
27074	28060	4336	29525	52869	-40407	55806	-53399	52134	-53550
-35751	47400	12701	-41643	19830	-5044	-23597	29782	-41695	-480
11763	-37919	16963	27826	7604	-6782	-40155	54100	-12753	49245
4983	-20245	-30291	-563	-51938	-49958	-214	-47727	-5967	-57958
-25423	-863	-47628	8307	35271	-50527	14171	-37992	-42768	47934
1910	8100	-35612	58276	-50113	25908	10866	-29500	37468	6940
-41672	30272	59	33893	-36684	54271	-19699	-55414	-17907	12577
-56224	3603	-40687	11036	-8924	-57626	-48316	-2888	2652	51852
31005	-54034	-4405	39381	-19025	-48423	-59795	10954	22090	11350
10252	-37942	13126	11245	-32025	13491	-3090	57665	52914	-29853
18831	47625	-21503	42035	46547	25022	-3130	17392	21288	45867
31175	-46931	59279	5613	-19617	49484	24414	8597	13852	22111
54269	4584	48539	4710	-22426	1066	-27039	-22327	-3206	-14824
-24658	45884	-27047	-27027	-5352	11121	6347	35865	3937	49573
-27299	37577	14020	-49795	55349	-9362	-37555	18428	18019	-41089
-6160	-35174	47189	-21523	-39379	33870	21682	7599	11478	-2251
-43096	-54839	40402	-4659	8728	-17984	8202	-20548	7183	12900
-16185	40244	20869	-48004	-33725	15247	-27699	31895	42557	-55655
36648	36374	-44865	-14304	1782	-11995	-39286	-46815	-13912	-6896
51582	56438	50934	-41856	34214	18826	-23299	7990	-7864	59186
-39673	56548	-28743	-35454	56577	30624	31771	4901	28030	35694
-58034	24398	-54955	27857	27987	-4000	29010	-50763	57104	-22996
37918	28348	47606	43129	40806	44477	-34131	-50950	50553	-56593
8417	17067	38040	-26287	51281	-19667	-41250	38014	-16336	28129
-52926	24612	-57660	-30571	15302	11019	30382	10675	-49701	-48792
18420	-46165	49355	28048	20640	-36578	-14924	41998	-12158	-12618
-36148	56149	44384	-21422	-35480	44935	-32823	2043	-5001	-15326
38176	18736	-23876	43805	2312	15004	42644	-48888	-29986	-44154
-28334	-28341	18907	31616	56479	-35537	-48340	-23648	57996	26425
-53559	45783	50785	11336	1050	1081	-24272	-13794	32704	-58072
29519	28115	-14425	-39903	-22811	38105	-13760	-41912	-7908	30298
-554	42041	-48796	51717	-29612	-15599	-24894	-13611	13446	-9411
37617	-10439	-29204	-2806	-16617	-15034	4585	-26219	-37893	-8229
12417	16659	42470	-42006	4740	-46103	30828	-16307	50770	-38370
-7345	56342	53603	-56423	37272	-8128	50039	-24030	-40770	818
-50411	36978	-51267	49135	32067	-45687	12309	-52049	57334	-6360
-46327	-50196	55367	-42745	58882	-12980	-4945	-22294	-11048	-32382
-44125	-55312	-54866	-6307	28252	-44841	48218	-973	19033	-16406
52739	38168	-1429	-46432	36745	-3129	-24973	-36828	-45417	-45187
31448	53290	55280	43362	-51297	-38541	-48822	56673	-33640	-8770
-42659	54150	47370	5556	19322	-24590	-37874	50715	18339	44896
-51265	56602	15316	-2110	-59853	-29430	-45905	-50736	-9048	32176
51673	13723	28782	58125	-48363	-46338	18095	-37161	-39618	-50565
-52191	-41797	-25635	-37487	1541	8868	5191	-13164	-59331	-22974
2622	-37669	8006	-49954	-4966	-16251	39766	-28000	57056	-19622
-27427	51927	35570	15136	18442	-34312	29223	-18265	1678	6784
-15006	11201	45394	48486	50149	1246	10524	-32824	-8699	-13751
5751	31830	-27109	-2784	-22870	46775	-8534	-17706	22759	-34725
-39087	18840	-11374	53764	44528	-15270	-51498	-59965	-24330	54799
-29326	-8957	-6233	-2938	-33772	-33617	30867	-18239	-29476	10829
23496	-6223	-39924	56328	26744	-35394	53097	25673	43438	1489
6072	12020	41523	-49276	27377	13090	19729	10770	-58518	51751
41206	-7344	-46817	50492	49046	-26429	-42954	14424	5214	15813
34375	-5373	32361	48821	-51954	10302	-35367	49241	-7542	-47695
-21788	25958	14874	-22623	24457	-55494	53662	-33213	23383	-21792
-50393	-3503	20012	-36906	49158	-24488	-50279	33965	-24545	52681
10061	-13578	-7453	-16011	54396	46800	39424	-41053	-17974	-30869
-50157	-22126	-3781	47290	3555	-58306	50856	15054	-23395	50474
-32046	46137	9638	6822	-1062	48419	42925	-12784	-1361	38831
-7689	-9042	-8675	-34530	-59315	14713	-50916	-33957	-10842	17283
-14558	-26760	716	25768	7486	-10640	51876	-22024	16704	-48646
31065	-475	-18827	59809	37366	-45578	59807	-51511	35689	-16533
45871	-19435	-23768	-15087	-13127	28698	-22546	-21327	-12978	55731
3999	49180	40151	55292	-8609	-13592	28697	-7769	-15067	-8850
-36451	-49220	37397	-22753	-7608	9694	30279	-6	3270	-57171
-3716	19354	42123	-52209	39997	57777	-51536	9101	8053	-9088
-739	11273	-4058	-45267	-20547	-5563	-32926	-17989	-27494	46709
29835	-7976	-55913	-21285	228	15372	27272	-41272	51084	2112
32791	53899	-4429	14971	-2366	-7915	42886	-2872	42198	14833
6920	-43287	-8254	55821	34887	-30482	23927	-40914	-2337	-23136
-50206	-20178	36475	988	51746	11994	34910	-30755	6645	52420
41167	40914	15589	38800	37491	45438	16532	-19693	-32810	59370
-41571	37872	37389	-53218	45284	930	3187	-56660	57941	-2773
27676	23049	52250	7726	-39743	10622	-58725	-33922	-16326	-22228
27288	-19543	-56041	-49927	21359	-40107	28293	27480	13402	23681
27006	-30579	1383	19650	12928	517	55385	-55364	-31823	-15242
14018	-37380	-11746	8962	2558	-48505	15024	-25850	6606	38205
-24827	-44344	59513	8613	29936	-23014	12805	5063	1077	41049
-57947	-660	-46770	-50877	-20702	-47587	-24077	26406	-39127	55967
-46843	31312	-20283	57341	32084	-46818	-59869	32076	36666	44500
-14159	-6825	4995	-18724	-49602	30316	26833	35994	-56146	-12741
32402	-38823	-52491	-21117	-3523	-9193	-37975	-20112	-24888	-1322
1992	-9407	31723	-39297	-54987	-35682	1455	-12660	39619	-17817
-45736	25683	-25719	-19244	45111	-18741	-52132	-57445	34010	2846
27338	16065	35829	-43735	57208	49226	-11680	24014	-18129	15743
57207	33004	50011	34052	-18418	-28321	-50594	-15410	-56617	40824
-32233	11445	-26487	41155	2611	14017	8514	-48632	-58908	38218
42443	40066	37081	32665	-16310	45281	10681	8671	-12594	50302
56590	-12238	8763	-2414	20057	-9246	43832	-15699	-55276	31035
58763	-46296	-31106	45667	56274	29462	10390	43814	41436	-19113
45016	-54629	-35975	39506	-21660	3525	16711	24558	-41451	44817
52292	26029	6610	5431	18733	33402	47142	-37588	-45800	-52551
-45976	-30030	-33283	20467	-36259	48015	36478	4267	3326	42512
29776	26246	-12096	52687	-26407	-3120	-54734	22617	-53377	-8176
-34901	-32850	27769	40880	-32022	21683	-45632	-23088	-9505	-30243
-7435	-28590	-38038	2048	-57868	22629	-39028	35692	20048	-43483
-11539	-13456	-19146	-41341	-53541	-20342	5182	51353	-46990	38338
33367	50985	49799	-46369	-1938	-32129	14294	46554	28801	-15575
40365	-59229	48321	1252	-23827	20980	59980	14097	-42307	-30471
9810	-894	-25509	6563	-44481	53213	-20537	-52398	-31386	51414
51484	-55543	-16046	-1929	8078	-43021	-12491	53440	5549	26517
-16554	-23070	14426	52952	-2516	42775	6798	28960	27214	-12217
11641	41560	16514	33993	37629	18202	43322	48049	-47423	45431
-39275	18552	-15989	-15915	40096	24356	39410	35933	-2991	-28322
59159	25802	-22965	41569	20701	29021	-8929	40796	-24292	-50663
28931	26332	-53123	11012	31238	22892	41383	40980	-6554	7290
41080	-29895	-57570	3254	-31707	-58630	-6288	14914	31694	-21914
41006	-2937	20227	-39408	42204	-1278	49217	59888	-25074	14157
-40622	-41231	10002	-25746	-53592	43836	20938	-5074	-54754	-12105
-30680	-15369	-11654	695	-15049	-21335	-27783	44450	-56621	28674
-16037	35334	21588	55285	-44071	-55229	15034	5395	40420	12325
44205	32822	49534	17590	-45130	-55073	-10484	37496	47236	15987
31537	6166	51184	-57860	-22030	-44754	46085	-24157	-2907	29111
59924	33642	28615	-29570	-26347	-32644	33736	-16117	47698	-42030
4600	30025	13351	-1391	-8164	27716	46556	-19392	-3981	24682
-49631	56644	12205	35421	40927	-43303	45361	-59719	-51257	35954
-35880	55999	-53414	-25425	-15610	-43894	-17328	59235	43267	15234
-10924	3010	-1240	43897	-41479	-54686	-50454	-17579	-25559	-48910
29616	-39349	22423	-7934	41163	32296	5834	5144	-38913	-493
29526	-1812	-4733	31628	52416	29886	-27881	-51900	-28764	-54040
5035	-5544	22194	-50393	11852	56188	24647	2061	-45905	29239
13912	31405	40051	6168	-42113	-57845	-26542	-46143	-41693	21793
-35189	37579	-11058	-59222	-44663	-14049	3987	-55514	36846	29768
38250	-57964	-18468	51955	-55044	1785	35401	-49340	45892	57394
16604	-2619	-12739	-54186	59864	25162	44167	-48257	49753	-6195
-2906	26647	50925	-37332	22324	8164	-21765	15415	-21767	39926
7208	-45780	-57604	19174	40699	-57056	-57533	24283	-34172	12570
19355	54396	-6532	782	9198	-10978	-55154	-37133	6472	-22953
7275	-18460	-38786	-10568	31771	-21035	39014	-57033	50387	-20973
-51488	-16360	-33501	-14825	50323	34133	3575	-5061	26490	31168
2251	50430	-37803	48490	-25998	24303	21664	10989	-29767	18910
40662	-43456	-59395	56210	-42960	20094	-37696	-46998	12457	-30
-8207	-6523	41138	51209	-29448	-20910	55220	13973	-10031	17543
15406	-37285	52454	-58792	9299	-58279	-27477	23642	-39219	12066
23402	-57604	52140	-31111	14357	57322	45010	-46843	37985	13671
45732	-34913	-29978	-55567	-10732	39490	39837	-41330	39079	-25406
13399	42013	7467	-30234	15047	-28566	5156	43179	-49575	-10859
31092	-25950	-33697	-47410	6354	-35644	12699	57801	53630	35058
-47180	56646	-35825	14673	12435	31532	1024	-43849	-14044	163
-34608	-6775	56834	14024	-35450	42892	24156	5867	-3726	40584
49366	55781	39698	45240	52459	41852	4977	40277	14019	-27583
-1264	-54213	-12826	31396	-29469	-37281	43804	48806	47420	-2349
16171	37736	28639	34679	12838	22875	-27192	-14113	19627	-32567
51698	-45158	-4667	-58204	-57842	37266	-38296	-36952	4884	-51138
-56201	41806	-34217	40337	-3550	13403	-42480	-58191	1826	24679
-41412	-51358	-24221	6709	7554	-56595	-41244	-35535	-54133	49501
8480	-51793	-9426	27422	37993	49630	42009	32284	-40290	37789
58597	46547	24348	34190	39762	55586	25573	-44887	35438	34329
17150	-5914	40549	15423	21973	49556	-44336	-5907	-23348	-59624
-46740	-33519	-37111	-19348	48639	-10907	17791	-50407	-30934	52119
35405	497	-45865	-19165	-59783	-55972	-12513	-45479	47033	41802
3143	-33204	-17312	6893	12094	-13898	48277	-52196	19685	-44073
-44853	-58836	-6147	16013	48626	18099	13291	-47022	44559	-46595
34718	45892	-58227	-6302	-7093	-30195	46863	59002	19343	28439
-24211	-7008	-22606	20410	18646	-44139	-22549	-16173	-56896	14567
50759	25717	29233	-1098	-12431	36415	35850	-54109	-18241	-58494
-6207	54106	-55286	37367	40084	-24920	-28680	-18360	49793	27591
48518	44677	37360	35245	8425	-25075	-50060	29651	7566	36032
4270	-4554	31387	21214	-11647	-30032	-22494	-39056	45395	-42333
-58081	13303	-37511	-28840	8625	44788	43555	-2680	53486	-54004
-6618	49414	-21272	50697	30683	8468	-58143	13484	14682	12567
35339	-52934	41069	-39896	25293	-24021	20015	-44370	926	-32952
31185	43333	9581	23234	-14798	-13162	-21801	-2787	-52937	-13922
44164	-41626	-42278	-19479	9884	-47893	-34521	-25720	-20996	7838
-35361	-30605	-45648	-30816	-46170	-30016	-17661	-20053	-30479	57955
58410	22498	-26313	27041	-12478	26526	2270	-16186	9656	10064
34483	-24074	2986	-56962	-56857	-52230	1397	-51196	-24920	21441
9941	-41795	-23497	-51829	-38865	8337	23478	-44165	-45663	-30773
36535	48721	45906	54757	-28575	-23903	56851	-30624	56810	55471
18050	-11368	-34485	-39951	51671	57590	-16196	-3595	21951	55494
13387	-11620	-9139	20485	-53511	45243	25588	-56571	-23792	-10357
-3018	-5331	-29425	14443	-49102	44000	-39103	-48430	21798	24402
16640	26946	-54610	-14098	-41810	18591	-36764	6406	34374	-28668
-34294	-36466	2191	15892	-24616	41884	-46945	44697	38142	-1770
-39029	-2023	-18005	36126	55676	52317	16213	28656	21765	-37017
-54001	-54057	-24081	31696	-54839	-2189	-25293	11007	-6496	-55292
26359	18114	-221	50930	55657	16456	-1309	-58268	-10600	-43234
-29370	-51565	30772	36958	40434	-39199	-36103	23014	31815	58401
13050	-34776	1482	52650	26501	19279	6533	-2025	-43490	31663
-39115	41553	-31091	33554	-40351	-12137	-34302	-29701	-58801	18518
-87	-33957	-17190	32426	21384	18410	44963	49930	-9610	-37260
-39855	-78	23625	35607	-52684	-21656	38529	15739	20995	40077
26565	42728	42180	53673	-21716	25127	-21983	-57321	-23971	-45112
-56172	-39250	11577	-27463	16247	47503	43783	-15096	-33780	-22556
-41485	13710	44709	-27481	-13250	-41703	23811	-14478	-33796	17711
-33407	5086	4147	20226	-42896	16998	39567	-45732	31183	-47230
47397	28923	-42342	-6443	-3383	5696	-6498	-56556	36022	-59838
-20445	-13881	-33487	42489	-35238	20099	-57625	-46774	16785	20170
26933	2051	4741	-31100	52570	-33237	291	20877	-25113	-13825
-55724	55935	16204	-4770	-48692	8926	51997	-55819	-55409	11183
-38203	2043	29618	-58906	-45136	-45314	32416	55796	-40204	-52384
15239	48030	-47677	24398	-33818	36735	55754	-19320	-26611	-52698
-11926	-19810	27769	14185	25570	-23112	49189	8037	20782	-18059
50800	-39083	-37245	31086	-43604	39846	23156	1051	3523	-41179
-2100	40426	-48327	-67	13384	-44623	8448	-42896	-53218	2850
39643	-50350	-40366	-37005	-55705	47092	-26181	29082	-28200	50869
50508	41894	12444	17315	-3289	57347	-31595	14177	-32329	48663
31308	58556	3154	-43090	-11465	-9942	-51727	50169	40406	56246
-14413	16704	37653	-18778	-18810	41898	-49529	43035	59702	21501
-21786	34258	-59664	1584	-1264	-36097	-26481	-14521	16260	14722
22	-33714	-8844	-44115	-3575	49638	36686	37723	-3648	15252
-9202	45845	19219	41586	4088	-39232	47135	42905	-19788	30142
-58578	-9004	-31973	19390	45768	-45741	-52697	-41184	591	-28723
-54262	30607	-43519	39575	8026	-26919	-56034	-3792	6423	10522
-48791	12342	-15208	-2429	-52217	21675	47459	-11235	3851	12363
3932	-13275	-27103	-46832	28098	49417	823	54500	2024	-29910
9154	-23567	43219	-22218	-13018	-56047	33223	39417	59994	25090
-59059	-40784	29320	26565	-36132	36655	44645	9510	24711	40830
-48190	32549	16698	-7692	36095	-30974	-14311	-14828	-42980	10669
17526	12382	29895	-50892	49677	42583	44327	-30867	1731	58972
-48668	8511	-5392	-42370	2213	15219	15549	-39755	23803	-43949
53078	-22571	-39399	-9641	-56195	-35654	-18337	-18838	-56414	41540
9651	-16153	-55542	-7069	-19354	1289	17828	-16290	-49363	56618
36746	-45967	4498	-31836	-34351	8455	-44380	52470	57757	-2495
56060	-44561	-44722	13287	57240	59733	24995	-2636	-7821	8855
-55024	-40830	-54496	-18936	14782	36032	55481	12912	37893	-38871
-53532	50444	-34153	-9838	47587	55425	-49548	-47790	-8259	57132
51412	59550	-46840	-12455	7490	19662	26529	20560	16954	-46564
-22405	-21948	22838	11234	-39673	54478	10073	47288	29306	-41554
-30848	-49758	21571	-19716	1720	-55658	-19236	-36172	56531	53237
-5129	-12984	-12	-39627	36282	35841	-46538	26071	20886	42948
-42052	42351	47379	24405	-42760	-44676	-38578	-49082	19147	4076