729122	25415	599468	844641	16866
891347	993648	450167	918079	715305
371271	548506	541294	354861	138669
505834	485655	503993	795000	238575
542697	608346	670581	559950	968292
659109	327221	690474	678623	135901
271224	120116	634243	221540	819519
523972	895305	535896	280122	432496
314482	373080	980455	202771	305017
334923	236185	959477	71805	114835
292575	568560	333107	614377	982416
183653	987318	173838	815272	412426
577059	300163	918315	63598	854448
704923	297561	245327	682935	105546
253998	99254	37505	211019	317423
194959	720942	532354	383679	911482
384900	205241	458994	357014	161473
137976	690177	617218	967313	79016
112513	133856	569058	148830	346479
212968	999973	686444	108973	166482
302009	776820	266412	908470	840653
215355	759996	987909	719318	854633
904993	890050	3571	234572	774841
765999	275139	166189	208525	362054
678484	157333	160403	997810	66468
343565	529636	513709	965290	14402
122119	685706	561436	857294	935870
120408	162988	749691	347501	816234
97181	275255	563031	282449	713389
143567	215804	301278	599943	30830
87431	614712	989044	704694	126242
796273	110781	642371	60328	682881
231546	435553	827279	710867	452941
977324	977274	479267	208493	736062
110731	395108	834253	283299	823916
307000	524098	902732	684486	140823
734509	629204	550350	39227	974871
83555	276270	11755	301383	487517
34581	659961	645323	695444	960558
56423	259953	811836	878777	724061
144007	837235	749359	611595	945313
358982	81711	909562	169884	878540
618834	340482	865747	925867	307654
515771	463562	492990	991924	647715
759345	301149	713697	919543	232747
733651	72532	600501	960850	254753
447168	47116	608084	885867	916890
109109	995158	194648	427062	537087
689838	467226	779150	351980	112735
129004	747469	497975	127863	714653
177508	610456	413324	887559	33206
20421	569582	192707	711468	815800
340973	641857	884431	700898	357728
75668	963783	314509	981580	441658
378697	524466	321824	780590	225524
79978	418169	431393	886152	449272
58001	882674	496132	392575	351047
496771	288902	554116	185591	859968
103477	601396	749410	525821	340232
409670	690108	661958	564707	644817
925143	461377	517376	775980	102865
93078	727936	273031	240869	687253
581169	26800	965637	722752	380746
161816	805881	937988	648223	926293
935380	555745	756238	66476	32373
769288	138387	889087	759588	256243
439300	947340	918391	212481	497681
909447	72700	926275	450885	177389
947968	628620	479838	569818	643651
851692	232844	756510	390353	130780
295478	305157	697408	111658	534647
39018	60449	591524	896993	651294
261626	663086	435527	818261	741099
897501	73574	210937	299457	943331
895694	494005	150588	803664	364161
131887	672911	721855	572877	339583
845482	124046	372242	370797	485596
52005	715235	44567	708178	185548
994104	461745	423629	156115	869858
538550	973270	788804	170532	351289
610382	578158	335473	589086	963674
409552	50083	147907	721397	111816
225103	737586	263433	676319	156462
881850	932071	710086	497918	609867
7461	857981	953783	704001	20415
865434	490111	660792	539147	942131
731738	46203	18219	327095	828875
14512	675877	952682	888605	842276
977823	24338	205509	222865	498379
204776	147353	359717	546563	199654
378119	703088	953651	934465	596530
573410	128113	586019	940645	184874
464231	40849	19713	567512	280015
80437	580736	481723	177707	317472
839285	919995	824488	100096	658555
411103	544161	671723	494883	105352
217232	334010	45732	876864	310958
912152	137596	338741	629699	671271
987911	83768	70633	609484	791430
146878	126401	567011	786522	328489
73890	230947	216781	637166	856599
42578	679583	907893	3547	522220
502009	994570	547268	579679	386911
221498	727427	324048	539430	949354
236799	742268	55304	498858	265888
803778	501835	254699	91482	551199
658173	27767	856613	569613	350183
26510	131963	82578	971551	156227
295764	967337	865706	299099	463427
199204	603069	444177	428221	331774
583950	955357	866147	58330	442846
115837	250348	936959	393782	340329
105789	837383	175288	188000	413297
732129	602805	658555	653806	319690
762549	279983	515958	328040	42241
509805	424603	122348	247008	571664
215395	735157	462570	814219	668709
748930	250195	840765	749527	649516
315030	818463	225645	418437	132591
458204	874481	776487	803770	774676
475911	494017	41830	179476	873673
682976	361752	392585	809985	565302
465905	820873	137955	504510	65457
601531	420146	972521	480099	782110
343704	63027	508510	544414	463346
64468	322273	860586	289099	307153
307355	970184	937191	408631	698122
303488	711784	340212	105568	633792
643130	148871	986429	476347	14845
898690	746658	947248	462810	910016
64154	583610	240294	876200	499485
80954	993781	677111	207262	803540
495998	339990	257872	165931	985914
880179	641746	190697	593546	101197
154472	550329	774583	592715	732259
393050	625306	936951	468	863272
482445	993248	480382	248053	948256
112269	870703	368166	160411	22881
673220	834695	85252	76941	155863
483062	343000	40527	500608	418764
464777	158916	3553	456352	870205
242875	3283	807423	684136	667007
190138	286124	920332	625401	353471
79214	716278	992498	252324	81784
524665	169314	698160	340256	408916
219358	300376	29519	795722	976423
664090	664954	680580	476900	459165
793721	304398	680755	103254	964419
456021	123892	502511	187482	663900
965171	406917	362167	188907	961928
390885	426891	941142	790535	455333
156257	942556	548947	630175	97807
178666	978840	645845	780897	148082
318374	554013	862776	943277	104225
775648	923261	76448	590806	924391
201441	434592	686772	533248	374455
622090	7814	626791	896690	109599
680951	837253	681385	564506	629820
336149	110072	796504	768451	613758
174244	861980	854721	54059	105630
117104	399338	233095	51978	494650
451621	361337	131530	936576	908927
522050	967342	456869	995623	390378
293497	343935	806385	521455	341366
286420	368649	669397	622736	710395
488377	276604	879074	583799	211311
898557	372478	716004	736437	977921
837300	390908	447764	113812	708965
629168	166164	276256	732218	71441
481403	493395	833150	646657	959477
666835	843828	427015	285142	164873
321839	485744	50105	19270	162553
355358	843371	902700	307004	984568
460150	125372	201629	295940	91847
827488	402872	461383	206737	543603
176973	572955	768574	11145	338194
633374	571888	473952	22953	985172
953978	119512	447478	336050	980022
964731	32694	185641	608706	289369
766295	125040	941097	570767	47804
343173	236742	347588	775986	729364
335990	747281	717422	430362	792630
660831	856225	579636	231206	880458
64207	699644	795237	11031	230104
461706	255327	356504	814555	8013
56232	452694	407143	635480	192138
617401	353352	814148	542768	788931
666525	529031	244616	763624	71073
489732	114101	265005	347658	881856
471581	69071	48528	604100	852503
929302	4141	119191	850736	200400
518390	122708	610023	628285	474277
573273	594287	509359	604680	270031
672485	81856	594790	245401	643690
682924	47515	211246	221828	194771
205561	91536	768425	463090	177025
871988	795339	766502	549759	876331
922266	203306	679650	24624	260091
636333	274547	459936	485981	794978
212957	869661	621807	566970	333523
938896	181615	999344	372548	675094
528960	639081	650669	203295	899398
655814	327215	804843	152324	95034
422848	763517	453299	557872	147863
669228	269134	388469	825994	217898
776650	823888	50551	883353	735878
833874	963104	478757	584070	325502
923861	832408	631051	322257	233284
705802	164919	174518	383052	755780
279234	417708	958580	826360	560806
254384	952054	641267	637258	468620
74960	611559	978946	413591	336794
996442	493476	389116	208437	908404
596505	220914	729583	348779	553376
325038	790116	297160	609845	631637
375825	964711	651749	89818	999338
83222	392679	210575	807704	551858
659329	565072	19897	720202	443362
196074	441612	747533	105988	22881
470543	531986	270240	870183	582661
508646	400460	18354	579917	301228
265416	26681	59492	287605	386608
400645	422359	787787	874985	145798
360554	628983	622701	429964	970734
78757	251410	670359	611510	27081
681058	100992	684251	679182	585411
725052	417767	326922	344729	115251
13437	455121	510940	433504	573932
881108	413509	627195	907738	211024
779144	106800	851071	174202	749477
241926	207253	735982	452419	104699
750033	330408	689169	703995	538803
390133	662456	79978	27779	669256
42176	722329	399462	431309	264248
492014	197670	913105	145066	116410
129813	518818	280047	108049	35635
110461	150969	955494	10609	492381
484783	787243	211751	339507	410031
853521	936575	388466	228499	353477
134209	35737	592963	342051	64158
655984	622666	743907	663781	965055
260906	84034	296258	481799	400647
690547	72476	469753	745122	471772
444330	592783	406679	364275	589927
423717	895921	225493	5950	743230
523799	960155	976275	952544	104498
928788	146608	831543	280667	684279
295428	372928	669959	907346	949482
315732	457973	385914	822010	754368
265324	464498	54772	53593	688403
670343	659632	43786	241853	333715
248489	933777	714130	563141	88792
968895	216873	663014	887569	540764
293818	945828	203520	828703	923781
907358	396402	63685	787117	342834
802484	32184	779054	334436	580966
837298	971735	975310	930131	404094
844127	857560	785479	956397	410655
256632	951084	696470	943730	923726
327773	168997	562803	346498	108989
373392	356060	393134	241945	295834
733506	570597	62723	956992	373159
479815	153932	287362	469298	176731
190017	491053	874142	961256	814554
317903	364672	522030	923801	582407
909703	467203	284335	972286	43999
517971	386350	596526	791905	424598
946998	63771	73633	110330	442451
247991	731625	913462	518724	346020
9856	724754	764645	553826	303810
961705	904839	639809	826281	266348
456108	430282	560107	69344	734651
975483	874837	597609	176047	538263
242931	13982	537268	526264	151381
426490	630555	761072	476427	757795
937102	589477	451060	890311	649372
77234	298321	809196	414187	39928
743194	926506	656692	959862	951144
305452	972730	154856	482163	755376
525871	341532	813156	977422	127172
527023	691478	538651	860529	909760
880550	23411	712160	965319	459056
34657	486144	380956	407643	778759
348015	218538	814565	950514	224490
72138	677844	941019	968535	206023
847497	634638	534686	421065	831153
337577	130495	236181	142895	650806
567436	206515	867539	632464	427106
17723	13477	404784	497039	597210
204681	708410	125449	225158	710007
231805	629419	622085	869567	542500
654106	610250	940147	785749	863552
754067	818841	726393	862608	404631
278777	580847	968399	491510	35463
184238	913499	79754	45565	496727
106359	54658	940602	997754	628187
192100	383193	540690	772564	474085
965808	337003	111516	790225	492456
557548	152464	936591	117507	311926
16990	90636	97156	31496	70200
335951	967081	747393	615427	393837
665189	132769	911661	591050	995550
645971	450007	790164	493499	213198
274607	915778	538220	557445	546135
771137	57402	397558	425856	774558
586920	654179	813315	80386	923127
895443	71770	60820	389338	865524
836064	864906	376546	29459	76344
638407	191037	491123	627408	949281
404972	580638	671361	760297	960572
754949	51778	992595	492721	316883
551282	319047	278274	325653	172577
315139	360103	776856	626913	473895
307909	337384	581263	468551	642052
288122	312651	701360	94720	743298
741750	358227	709165	879487	682151
500831	233733	437436	390711	145547
663606	703488	451492	490600	8714
350616	13707	102629	344069	379272
70393	16221	101928	845407	806474
547492	896567	773187	211043	468849
935392	376806	319365	868618	682888
469766	238710	338041	172292	976495
681640	836555	258168	287369	401767
553442	578534	298738	490072	158223
818486	381724	906563	481447	337678
105958	140192	91019	605187	342015
736631	666089	957906	161354	8513
422433	529062	261247	550691	521165
226034	403098	41271	652156	122444
754845	424304	906398	232155	732292
388569	302371	48343	152722	397031
306885	681155	854859	856291	847975
858365	676552	560833	607375	736162
395794	362608	573944	951313	89669
859470	795172	581241	223965	491001
369472	257192	200228	127525	808142
886357	220257	357742	924346	549988
379902	349882	62751	130150	491925
366278	245006	309646	468126	186574
296081	894645	786964	551875	847321
409670	558492	927923	2002	265008
342348	171760	456769	904173	846819
726915	764533	135615	302011	992240
187033	580732	21091	287643	185668
589061	480658	250510	86524	133763
347301	554193	228	594435	705560
224522	928534	286888	423399	340077
801366	177307	710591	253649	186379
69507	983105	648571	800787	228845
436877	463867	44519	106583	928868
242422	326491	738136	165882	780714
51217	991804	337381	360285	43620
931727	640506	648282	921000	496338
867877	138799	71828	863517	950575
809950	25338	625404	925806	607120
88867	329938	420245	1048	967123
408901	343775	659390	544276	408673
529577	911547	650993	427836	444759
425968	124638	377276	741184	367010
192263	974836	90859	283128	372016
938738	685331	806058	277239	837919
816972	190160	631627	237174	889555
334659	996704	52319	213139	622820
936809	817238	902173	310660	916805
417682	182849	137866	87355	773964
770820	474901	205690	996819	531217
512627	320005	41271	312403	985363
661428	709367	817978	954608	39210
839303	552128	574838	47387	109176
420661	715706	523005	789149	555905
281790	112724	126814	93278	296123
939569	165442	383940	469043	175186
470489	807587	911490	681398	610805
544631	67083	173529	54243	411171
318152	934964	889159	539372	599492
209942	115342	44793	223957	139085
979306	241897	739671	426256	448808
56416	479900	193002	516622	475468
292145	92725	815274	692586	858868
312533	181342	279972	140695	966045
945545	412101	557835	79007	575425
407057	228850	672843	398811	355869
826009	708522	895928	376459	685532
298347	885116	194209	851280	86224
623403	14066	459968	29385	677234
934713	93567	292344	203621	67506
53086	146279	600222	851110	59073
736699	826471	1612	167598	715381
178207	863190	522829	918764	289716
834953	911498	43869	575788	920814
484174	534263	499340	653421	757561
292906	897600	991148	809680	32887
323896	931445	839218	252022	220725
662963	573350	864515	654024	454209
843821	642910	757960	511317	356086
11621	687694	711346	49699	94007
361382	229810	778772	682591	356314
814784	627785	618199	595282	832317
910033	311258	761158	642540	755618
995308	782634	322998	146844	929839
801978	695790	107235	65486	729523
465547	264984	639241	559606	816066
562174	554475	362995	843775	686530
371102	475714	323384	204414	590442
20043	100154	832169	339464	475273
847313	813665	636698	251509	596823
427854	991056	885492	63191	440285
898460	802760	268649	215442	7817
60045	328847	137814	514184	830350
160945	294382	645937	905683	137741
444951	751048	340250	816677	80046
701017	874985	931000	648760	255708
340516	689373	871802	53270	138452
984115	858692	455050	464018	893722
632579	117151	818667	458342	146047
47568	268371	965779	202275	183161
298783	78909	793624	90618	354803
690842	191238	671259	350252	717827
176780	157391	403242	210602	935314
178332	905709	886048	868948	60902
956061	149025	876088	790780	451188
109524	736377	101466	188199	25295
166853	368239	49871	285546	575121
336670	765074	562696	615718	941985
846490	24265	133407	954447	560650
415319	285188	977185	615435	441752
454189	171249	763929	987896	803840
309128	577961	820207	255711	740588
56546	142409	63135	818712	159320
968856	30481	467411	177085	868144
84619	548601	713862	565528	556296
900597	47466	818129	121693	419226
255824	551347	178485	258776	364985
493486	877190	727198	735629	628018
997408	840336	983152	821250	192248
462765	464791	234073	423028	991594
753780	69037	315775	567188	339024
558500	512819	803297	884122	309685
466109	209743	182843	168177	64780
656909	542496	461535	905697	835995
348597	545533	157207	474217	307967
459705	271850	58791	935927	245454
100254	748888	945298	864876	464474
761202	119065	547512	856486	266738
734947	888136	320802	663676	968333
707114	576118	623907	181958	777697
154498	374135	356373	639771	831830
427826	98683	209490	781032	28366
226552	887694	712233	467638	932225
246909	546522	50202	726686	916359
423367	466385	630469	7666	654016
627005	140597	181462	560807	529943
864058	201962	232397	824432	508029
917896	545075	30582	175928	113418
643248	443324	107838	631533	87421
49277	521353	340165	713136	631555
175661	904186	662770	185091	709973
570863	644383	602612	615618	331184
529897	53999	616102	5180	286395
78446	357827	802074	393345	449805
37049	342549	865326	795309	708088
781260	277821	909402	637451	326125
790787	910100	538070	113675	133621
482960	276059	582991	388626	536327
716390	268667	365595	505406	989671
365463	739267	222905	287182	896110
194573	237097	516011	156648	770457
80778	362957	404718	556297	999985
183014	309471	711730	970343	877429
962923	289758	200541	633880	459815
362404	40654	940287	114765	894831
595172	150698	580539	915798	668562
813361	262487	93275	62909	740963
267927	802152	416106	284664	34205
346067	717932	22346	139912	294220
568602	938879	250204	996936	431535
610424	464477	292065	396672	41008
380601	507025	308829	754629	215931
655615	102528	426897	250948	993478
13631	383435	810522	137014	49865
233382	605795	257084	646502	380746
780246	413615	75395	709398	377428
568966	505468	775012	829286	207188
251167	31825	15913	609990	589803
984300	712884	611198	829374	703757
523868	142665	575364	316356	438082
238109	951163	282940	491768	149923
834583	860275	897463	85172	74904
966846	348768	798959	525817	923663
316158	272743	182657	589482	156427
71205	740364	293002	678778	833053
730552	114568	519354	66421	852259
628085	80191	766493	638015	873868
992070	715200	819303	728793	216224
326374	647536	741144	23001	460123
528459	81254	221704	834423	482948
139302	770219	449419	749940	308157
877746	986203	234611	956989	8294
530377	174271	621616	622605	417259
539349	564640	805123	518624	739843
384838	672053	811851	521966	336913
114030	675880	421675	742573	115236
70918	548831	152241	313468	515112
803487	777714	896489	335236	452874
460203	743389	219807	818151	884727
15591	560208	342230	749242	421575
655157	545096	567197	596598	482395
554437	413730	4578	735718	895281
569315	489275	781247	493740	719031
219954	589815	740072	303069	7095
404896	629479	117332	53536	337826
416413	253658	75803	678488	899110
883372	562197	883389	196862	554103
546951	352835	650006	317702	980774
182060	247803	400758	362652	376312
196077	655659	638326	681978	392946
83798	461033	848162	429570	52908
647305	81784	395485	533132	406937
240239	572651	225913	252862	285597
446454	14488	417586	430287	789880
540514	388563	681702	725898	943682
294701	938630	511395	977579	710932
709879	511303	225227	681992	956334
505442	12987	248234	575638	994576
552108	999380	7177	910153	820849
350905	799239	436906	252447	57001
112859	569183	847818	163298	944062
329593	785850	162545	150356	631121
654027	682541	979931	223216	177102
739082	935979	806944	873137	628411
543945	455871	711608	631227	201334
820962	140138	820694	133265	754098
956745	973610	344026	812577	697895
482185	486859	744225	795933	303376
345458	752725	431193	159570	845131
723535	382943	859402	103975	821957
770908	907059	649024	894711	370762
132745	97868	30043	337678	26040
746009	250456	790237	493682	890666
242914	69163	200667	266415	414347
192672	193795	842714	773317	214715
237658	953376	517018	21062	779919
773870	350964	541880	987499	296843
573849	217101	256709	939285	240740
671124	295781	327624	76200	892155
451486	159304	986865	707316	343823
135684	65566	65492	76184	342887
840682	6125	742580	98776	942202
332617	856340	8987	518526	830797
727039	757161	743642	612065	368767
756455	254683	246516	959130	449520
88149	93341	357084	94505	564056
804329	844533	642538	275290	624025
363853	128973	920502	256096	962049
438465	660665	923125	475742	43359
417660	434958	653208	536598	781941
764955	236579	600130	119356	283259
250073	644800	799134	917964	667852
583500	564198	132731	663148	439671
17879	268517	690539	7927	192906
294670	625267	627548	811499	357467
311740	571989	196043	253012	115096
222675	650862	840734	512581	700011
929118	272155	148050	876215	19309
198093	522856	803926	19926	618812
782854	315523	848964	645752	829021
661353	513983	861306	206775	965001
480345	463209	792385	217649	598311
256620	187055	728718	872048	881992
314694	301772	828869	774891	280041
702793	950772	925928	305867	690243
586902	883209	742191	915338	934969
388995	493661	200162	626797	884098
472727	721524	649914	83450	413364
72714	548873	194427	852417	165052
243326	950893	711004	214987	542785
988770	761993	789870	214925	193100
487579	353229	42923	89608	473258
109754	893221	459909	93462	550763
377720	837216	197656	689547	147024
624614	611522	233610	983748	856961
128738	996944	687794	701579	943569
578307	773035	61994	455434	971709
232852	22185	303022	471953	25381
7260	123999	470469	110862	328758
176874	895090	668303	411647	514028
101335	397012	745590	67223	974791
143900	345990	471223	649240	228091
307065	644765	126569	329617	960695
762780	370277	499890	559274	449628
925442	559174	900915	102426	864376
909209	64270	177670	667882	134601
133293	869357	344838	196826	777478
393395	876089	331610	39433	462089
683710	559770	54909	983800	249333
504605	976275	848945	17542	494763
943623	113029	905450	881156	219068
760286	76142	707064	218261	736950
798198	266284	531115	184411	752658
936784	652483	216889	857757	547301
315644	9520	723313	673997	348058
315237	405331	830999	564266	159693
264840	985249	743605	973690	752274
455129	133587	608025	649259	691570
825745	910296	628530	116778	615279
296424	784418	309361	918578	482543
984609	995502	873091	827502	229295
452284	981220	473675	281626	153139
30693	989135	899659	400245	678049
345569	479126	86591	706194	395166
976397	78582	254708	474957	218502
435508	860816	830567	395736	746231
337159	373226	171473	457262	974292
73536	295875	840817	530428	55283
355764	268013	92741	80017	421807
345471	637747	564905	826464	975380
60561	592246	686530	262488	633680
852152	215204	500418	900628	46885
160739	27269	148463	584432	720584
101499	194782	494216	61686	756000
764289	420188	346722	885229	296338
239295	436321	219039	975689	638006
966089	359435	368271	731966	631510
607045	446831	212175	830955	871231
528020	614935	379716	730042	788052
484096	220717	787806	123915	732980
69166	997499	613495	177119	908497
82327	786053	36076	878838	35551
609617	302535	782935	927558	559574
684744	446408	690817	250666	291987
734363	307177	983814	691528	202329
722988	867373	972065	14684	374328
809624	513481	828052	79274	922071
714301	440961	151275	241852	450419
551330	769616	589230	497483	833892
362089	122249	76031	739169	542759
212509	946876	354291	52400	982801
282469	468837	451772	258760	169026
363973	985159	567276	149470	606575
151626	637398	803725	896003	968054
68374	600041	10164	296704	551354
602472	37582	653793	940555	810206
312154	60811	619774	116671	17271
185268	842471	717022	858613	982580
772577	40319	904751	290477	291965
107171	984653	209661	817023	309516
69401	790968	691799	219913	22578
187436	228436	893349	4236	782561
957562	541493	691976	365134	92116
727063	709341	559530	391552	950959
921907	98548	532713	595583	950190
642094	806967	606373	396988	905982
534422	681460	682856	64193	137344
801193	951860	575315	826992	921996
947434	605443	992843	849974	913758
285969	897883	835394	109730	600430
647268	153383	757165	620382	751484
122497	273503	583181	6124	904480
711864	604827	100929	535627	709326
709288	599731	945540	139206	405507
298011	229667	728441	605022	3485
172810	982935	302677	963927	223605
212460	394620	775769	159767	507975
93970	981492	80259	266042	930940
894264	696854	977626	979303	942348
729786	72310	525848	616433	865986
228173	801096	495661	194782	856849
783472	947327	293863	121668	800264
475311	739066	21769	760495	531021
51686	369797	70323	303187	960464
608814	86627	36355	451802	174694
113601	689056	61597	231158	669629
438402	949641	501050	770041	576340
185928	933067	359957	266561	263674
335443	134410	491471	988080	63032
484446	689175	569935	403155	528818
623964	31687	74719	943935	626824
55889	998758	494664	121102	428642
376316	370517	194354	228155	960478
948500	56830	581366	884537	207361
663897	373103	12690	604950	56241
890436	157394	853554	413701	643784
380883	68602	890348	189959	807142
267518	749658	764533	933890	351237
779607	568379	88728	673682	669048
639401	731257	735278	439962	857918
360999	119321	435626	999091	287042
299022	821824	67551	78577	52354
115630	535065	110885	292890	972003
868873	360429	360685	43603	98389
168522	14877	718351	698896	155659
701012	318009	916487	407434	876176
185322	587396	283135	443818	26642
152526	548758	871336	917721	706278
180952	118189	536549	630593	474929
61351	141692	483691	714711	300135
296774	716707	107534	437877	312857
503542	737020	973194	123778	158843
390339	639323	277988	209715	831427
625722	905745	704163	622370	61436
155003	796183	845237	724208	557484
116886	495175	21088	191377	668094
637616	552702	576884	166643	632265
981427	987393	747839	118477	273408
431020	319509	660511	647103	184714
932254	302508	797781	745440	561166
708277	834577	794148	832343	232008
324649	25643	994206	375751	249854
396875	150520	954200	265504	214814
863525	394715	567464	47815	401025
998788	534853	136985	631665	603780
120786	994302	10212	278722	506118
618266	210866	274868	339914	23877
165975	365092	665899	466988	832880
122052	504856	322019	596026	165440
221988	167378	818282	483714	954618
31353	557447	361898	995632	538211
657311	804385	600390	218125	539000
251600	83144	887537	34209	601170
811095	686022	277555	528396	934261
764509	366224	795831	740309	278838
398584	774909	947474	357691	144223
730066	867093	211155	258992	380367
134716	998574	172705	230978	161046
421354	846320	702609	410579	996553
31524	68254	102533	251652	189378
383545	985587	423502	612753	426275
313172	375985	351851	117624	930403
195638	28932	177677	329549	537250
891418	166665	743051	859098	314943
172866	350181	797135	656543	425291
257551	573039	509572	975579	551556
672881	256517	643642	594003	328218
456303	264778	747958	293913	298710
803756	280181	85183	86629	422097
837372	833736	207791	516596	240501
118901	323428	738578	366314	203443
11711	223049	630928	390329	90508
875984	310632	613928	78890	685662
596076	853914	676864	645806	812364
466241	376869	456726	724616	318022
160379	688267	311798	500913	656547
317162	85160	314387	346448	212609
42069	643253	58749	457739	236056
77210	663000	932308	634342	395091
814500	133689	499953	729626	271203
845988	998509	936211	863770	359628
698355	368750	150156	882822	376673
883418	775590	140912	788660	498378
272576	568971	750490	687662	543770
600121	472010	550776	387569	383138
929064	8199	791230	246101	169138
485332	750383	394932	469818	135869
34182	484474	123558	515742	404110
684565	9105	108301	366117	461315
675090	452540	1164	515326	153804
216796	404571	577657	172526	517888
386446	531674	796906	972555	924690
606033	156534	733478	126656	363580
804610	393196	569768	423949	322511
299358	443502	848910	790473	132561
404536	212108	410746	67310	215538
957937	753016	939741	56319	918727
976120	874888	740088	923878	956418
180037	549816	446894	909467	249842
2097	790167	726474	201562	217292
306669	886387	921282	674150	148817
795223	136881	725341	663636	727764
532847	931481	861435	600834	425074
461042	726203	461156	421637	494243
272824	774614	29592	533456	50979
268750	369857	392816	560531	27187
986877	322643	193913	227292	696078
648214	61348	303088	117051	962403
127641	976711	590270	95567	734092
298098	675798	767484	207008	635492
925553	719862	410504	852786	140585
774214	407921	820250	995354	631075
98115	216014	678874	75003	736460
775677	675872	79871	425322	361309
187544	441713	593366	432104	174658
789228	311200	829966	560731	439571
359663	977223	441864	407823	220362
277592	475992	78150	767181	802748
741955	379449	933869	642773	462627
55525	162847	784425	105103	296638
492855	585219	859449	249709	614794
106390	720	537002	198093	35306
11646	370572	349043	818526	53726
105893	349131	268023	573637	435151
283662	372061	336818	492801	622277
763073	228316	306395	72933	430282
234318	960996	253273	546915	541655
925480	867576	387705	780018	575953
487649	909663	66115	297415	79615
492020	693539	133487	128631	980683
776670	348333	648192	197102	78098
193108	398807	294729	42217	574671
633186	183899	672877	743278	591947
247387	668293	401054	989249	502855
774171	7404	24505	616271	481565
222710	923866	14641	495642	336761
722175	549953	907064	801492	638412
574388	458484	727254	831538	972377
175074	705330	857048	97530	408208
318946	552595	35586	635684	796338
357017	312900	104128	131778	195518
30736	313574	76993	427150	483797
854544	213753	976570	717832	221510
797228	576376	22122	348772	958784
138029	866531	477115	489878	261278
34237	828122	414911	9689	87430
41483	44029	717048	455545	922885
437052	260118	621533	824893	809397
639151	168586	967489	391509	956059
976158	289367	906926	707109	466882
281488	612043	333862	146226	550972
236448	866376	398311	15302	38285
749841	547875	58626	46352	530273
445288	755291	346920	434591	173252
127901	92543	946619	766251	60021
461980	211955	360872	97034	534616
80284	411641	798415	955046	452482
423802	318868	40960	26631	218587
644800	455036	145206	331408	839414
81623	995172	952880	216899	415905
444098	843395	349177	40924	736227
151679	397639	907356	610801	543819
146652	492750	650427	427040	109335
859342	339856	95259	615233	563359
787227	232044	29276	470976	991976
484250	614147	508640	764745	565417
686923	123530	157716	565131	386486
945064	895788	263598	9485	581256
628743	627941	155747	178069	13641
179080	334724	151495	148165	610095
588164	789908	708286	393319	345118
617184	539737	773973	958457	338970
311158	667856	666525	589878	189262
397445	876411	880383	661578	430723
183221	425753	25510	898130	747079
461472	33854	982010	40652	847005
207408	92958	404257	625062	239542
659924	274879	553957	835268	565080
977973	575020	85556	206128	751903
433538	993744	822470	205011	585686
803250	792207	131718	801788	526280
114477	421643	451819	335282	205135
107976	673531	941215	339650	966535
783965	464860	789790	369507	50199
209586	52271	510204	862434	404397
764539	632976	105013	62638	201702
91567	158573	790631	461900	214995
591376	292104	990693	617541	624850
935883	899766	818345	682946	904599
984938	820643	468590	759520	592615
859505	994712	92925	544489	291219
715693	658448	12540	78416	250711
422792	983764	623721	698681	640687
105808	544053	75108	457482	842470
370	309704	497978	970872	61297
84753	937404	317463	727941	373943
655477	740807	350279	161427	956202
293841	336126	845321	129664	3257
695810	376591	860427	149572	537188
325756	979888	812371	123206	483626
861130	291967	4553	130819	486974
733146	780634	123471	814968	189617
606161	980924	173784	878328	369240
75477	376663	62925	433370	182505
694725	585698	447007	494476	555305
175461	662041	88924	427247	129180
849321	344589	448260	345564	445501
777327	518090	642176	112172	432911
705955	387911	407457	98183	247334
259634	168757	952	225810	692377
699395	197422	60934	334151	826300
815716	383510	308865	122551	751856
27838	767509	678075	884953	566146
397741	401734	661175	111302	593296
124787	549195	719500	344778	255102
311285	875317	505597	211997	641055
98292	877424	388178	450638	315438
635101	709243	590151	476906	412197
366069	60372	729620	747266	967404
611471	746402	437181	251977	834620
315261	839241	831555	979692	779985
847140	127700	440716	919490	679204
645556	324891	516675	11971	248953
700389	639902	101562	869623	546380
91947	858303	646963	827948	607911
679680	624784	310922	683495	50421
277765	99196	801387	156414	69911
779636	545844	285469	117806	304730
449706	379501	866388	256055	307218
966783	816711	498867	258953	609730
750335	41860	244688	182199	462109
497581	712323	205214	966919	984144
287982	257844	58434	110100	788196
715969	740232	971308	101522	328348
677840	729510	726863	968476	274995
313415	921702	264349	356949	853382
268612	786778	441268	110853	952800
878341	422650	129609	166437	474363
690558	637560	718828	438870	910845
10389	117965	850674	603806	984219
119931	903523	698076	167747	89058
717943	769179	609710	923636	932263
839019	429396	62320	296682	118036
764599	357491	277538	396531	177740
483213	221401	8755	770477	46350
858665	293910	541056	431790	789735
824359	697134	187531	110524	134355
877412	426801	930698	553541	20138
522373	512616	509175	213735	525704
970272	881459	962016	794875	494787
839789	200038	187645	191	91914
583544	668659	865719	757748	795145
807604	981473	399594	268900	462170
340671	485266	139710	994145	868991
745212	235365	498913	640466	530460
242207	262506	453527	892685	300256
795799	823028	813048	633031	331153
218677	192811	182243	407002	462111
565217	152522	568384	309039	869686
675314	436962	175117	96344	152591
44329	674999	102733	196136	619957
525458	14745	989022	830746	962938
712943	730556	968790	933964	968920
272065	384922	379084	15558	14559
910875	530315	76491	456727	330986
443082	84776	122207	191274	677311
24958	749975	53506	859977	436098
902669	816603	117122	68900	202630
37912	757638	151458	887602	407841
542322	293141	180815	188569	702923
554521	983381	714172	728830	392138
585307	716969	676811	652899	772306
795615	178840	305315	813993	826967
458732	782221	859951	716198	621142
132514	825816	718886	245047	337117
886467	374898	563492	188632	326984
176681	348611	618373	926805	78415
552347	542570	63081	236617	114147
479331	549492	264538	649569	333485
286587	562207	480943	754855	262130
206556	383176	487730	746321	414808
475717	928937	413191	405421	290782
84131	115404	91681	253999	748039
27415	707468	822738	425307	246664
928137	265001	347918	930470	428823
966076	622876	464181	551386	549782
291291	291168	906333	231004	344857
189646	15857	91374	427648	890283
896886	971366	197068	687997	476923
389016	135258	221511	619462	238199
674186	587404	843819	231164	826222
518558	84235	572863	422079	451396
159729	721400	238890	35951	328171
686358	744315	577201	453916	640959
423639	59239	666767	374211	529932
649287	540468	479838	70699	512664
919232	899872	568731	807313	359214
272212	473836	407876	386456	990188
162008	217125	553058	342563	73786
140005	429535	291535	70144	91088
182513	25989	696719	610700	516228
716894	191395	262071	673656	248380
723999	255186	677673	891704	598912
333990	110086	226469	456977	462001
868554	607117	158982	813542	321793
670326	819067	997188	164114	587628
955847	809520	251192	729367	85664
162273	353471	476394	947590	18836
99810	11756	788151	658528	92559
773061	508135	642825	513939	65605
612437	201478	60687	52455	736588
153023	616626	290367	42826	733052
797071	65946	316127	156621	889834
783758	589827	440043	142059	604234
960505	289434	821577	891966	471847
993368	87990	682248	730672	564923
683141	69820	830426	606558	698271
528835	775140	352895	88721	810842
503042	39437	479683	939778	60208
711991	243849	71055	103732	572009
303452	498385	695247	180461	729318
957968	483465	879948	575704	180200
449320	491416	62345	747626	398988
359175	304180	251593	152720	344896
200298	228804	724265	767383	683223
40161	307996	883925	846671	62458
247026	442597	594783	262056	393383
967747	522667	859533	990898	733573
389542	754692	714292	943357	618236
358421	89588	401582	203427	732799
597338	97630	563343	811665	751359
820162	266723	108786	689734	678664
185250	531726	457286	405409	776709
223008	915084	810284	238875	977602
952853	677468	859422	167669	10972
836425	239360	123581	593016	858426
821045	705782	47933	613191	239864
935751	619234	932555	159443	321571
91224	501245	679697	923624	742165
979456	827738	622233	863753	704296
667479	200823	623058	296541	580653
228109	729342	404590	510329	625324
361209	102885	81183	330584	168449
181164	963042	766264	638532	488532
318022	981856	430889	843788	341600
399367	902739	753558	800901	876445
241863	418183	778870	514413	700249
159761	20593	708605	885773	235690
527352	348736	655326	801987	785873
451336	78753	57622	939153	868405
827214	974797	782211	161337	456735
779535	44753	518932	717741	813305
481872	508892	920181	72884	623365
600719	659541	646095	523602	358605
146281	173015	424895	461133	487735
790052	624341	655281	770820	684614
15886	64942	263482	264614	428363
964354	443975	873033	385424	234968
190781	757139	432779	145663	623822
285324	656204	809487	448942	102176
843633	89821	800880	673499	78184
249792	107376	434084	754135	713992
54485	361642	965113	157255	880491
745812	866386	841470	927990	500172
804398	903306	792523	811186	865312
387328	976033	449603	759312	335859
912631	863456	481501	949876	496210
656125	542905	925723	763740	892953
208763	482204	614572	443595	353580
863200	466508	196624	632940	282038
790206	863023	616333	394473	644501
424506	637943	928973	541942	919593
395858	887040	728685	208211	326003
953931	852026	123703	321870	655502
927404	634089	427256	82271	16323
881850	733142	854553	786377	666002
224163	989316	883776	727533	672666
638385	538627	761982	480134	260208
536332	32027	864247	268238	399137
914383	771414	861550	658214	173223
619084	163639	313223	293926	810374
390586	479794	295220	280857	743672
573696	416824	126518	496495	297104
352651	167953	83340	571432	395893
779914	482518	342723	709562	116489
605641	617185	849001	897655	198608
243700	498477	19653	656797	245723
164444	470780	131989	506803	983295
787957	979375	922843	363094	682418
638641	203367	651447	859202	98174
663080	68355	231697	177044	70072
825797	45290	214377	639079	103978
108296	472566	142106	685244	716218
455764	462491	126989	121700	516436
334076	218422	622218	117330	88765
597944	558771	353224	724059	371
432366	71755	600931	54935	422495
509036	621960	908156	950275	31136
227655	963406	599987	60050	918299
954986	108417	275865	963334	332552
894307	936121	769278	832438	791139
718005	768196	211121	821818	943835
906874	938476	2751	516841	136482
819166	598503	483081	210373	241608
492201	230695	147143	839409	176349
97637	323629	3251	732317	259168
878052	766473	909628	293065	691401
647980	279885	334031	896271	650802
737570	549240	301066	129473	218290
954754	99744	655849	208540	749424
691711	295032	170793	5429	89516
647382	736277	907144	391013	296836
209857	949026	851933	673560	981063
954088	340674	321019	646159	745796
192119	897894	810673	489931	493866
330231	909907	877675	808317	151238
336990	391615	105743	895142	764651
300028	848150	405576	605530	715738
320819	431165	495657	255397	393573
260967	754069	130860	834370	668118
519682	431629	580104	94885	485016
597059	471700	218399	742671	166063
9148	941007	950094	771487	816115
897392	839779	415026	766218	11016
382838	809910	102145	283637	103329
594083	906733	566354	585146	546915
333338	830015	182599	485838	268936
32184	592633	503939	500746	67255
514077	805063	510157	665065	489304
518387	590985	962775	342140	136235
52106	635025	36498	174273	425145
717143	69482	258322	87807	772013
248425	211161	971390	244934	486597
327586	303680	326951	16227	144186
266739	707675	546979	905232	144272
739324	554981	846370	793676	979007
976694	208708	435822	999923	490709
386149	760439	385238	87752	117904
926929	952084	711426	242710	900049
787543	954016	476961	210695	677027
284668	613757	3918	335614	489798
638093	107404	215808	20267	138748
839844	892811	724634	179138	738648
951287	771585	28177	676910	688808
547263	239861	708006	195696	375340
914054	666407	332910	960361	421464
29494	265023	400344	507937	520296
981316	569325	992094	853025	499817
516956	612601	792361	242377	426277
91437	955619	385048	837922	165489
234178	808718	963318	801184	928635
753563	864320	49216	668722	462813
268729	143668	625202	853686	577584
302069	105676	124084	348887	745722
433068	562680	388682	417184	389962
766730	840729	383470	664879	993153
816287	512155	623993	550783	873802
974920	870227	534671	163087	892820
841257	873733	50754	519575	182573
27821	303849	977632	206826	537573
883134	255022	376950	129038	477268
411196	328530	835076	423027	855428
973545	285540	15621	867420	826529
798814	94319	39564	241399	893511
946235	436085	506236	834466	584849
736063	267932	567912	834519	777021
164429	136160	577570	445425	604819
27807	157036	150501	638717	219502
771756	420927	143120	467116	700251
891128	644805	85171	174890	599050
528434	81808	360253	924289	411644
893905	453462	642103	452458	303899
635872	544543	640392	204388	94109
324694	939470	248489	403948	120045
374553	544864	683244	364384	857260
338077	678069	533651	194297	256862
173203	568012	285663	967307	546619
481111	962272	884560	433441	973891
514482	145902	143238	417435	715419
399871	305663	307473	938212	99057
354786	438163	938216	354389	516859
999889	328702	465235	68697	545797
542724	154733	867994	985672	95927
246314	567718	207529	570230	221336
179668	53086	800801	167241	14276
955782	309354	594441	87325	803747
345131	827804	382976	277244	191103
569275	620780	271629	876424	324087
818451	798791	291313	825164	195722
951013	374168	390669	205142	721231
589622	381698	168288	144626	554914
896005	926663	804214	367146	529098
285820	168922	478642	569461	252806
995787	388962	256702	714648	371750
747939	740849	950039	262875	852251
544045	996668	763912	186539	878911
413586	192112	60363	882830	321702
664845	528441	255514	923770	286727
646825	399224	510488	422922	157211
785875	77541	415098	316933	534860
934511	284978	81343	961843	555951
883574	678083	143857	929913	606532
87280	725077	909481	227476	694795
598435	906545	562515	211194	751509
104557	353912	763236	795967	86317
819169	145667	51195	49454	104021
455579	550565	590304	793267	600791
992720	984771	17353	968022	744099
821529	387905	791199	703116	653833
730110	503719	657551	248467	814876
43064	672503	156923	797980	719629
56420	3864	415933	679945	957617
188908	677410	932499	260384	556409
376553	74996	893294	356753	708317
381929	408400	476772	866776	845971
719833	469188	445931	453359	830408
940248	399674	462956	419855	166254
100982	703452	26622	554935	695675
947154	87788	247641	499169	432247
368958	48100	551745	872750	895991
195823	348038	333361	621188	386917
101867	49078	362854	751339	335439
227727	556634	148000	587659	213180
191508	202432	606691	26388	717507
353659	130348	430093	180815	464447
698850	311387	308728	435197	775067
70379	864376	170815	664655	443807
506463	681920	967953	529792	912697
89202	3960	506069	740021	147675
174499	395914	448765	672505	868753
858346	582961	344513	101969	847785
905259	409341	30919	720974	119964
258235	521559	351978	381053	254597
857789	131671	871542	735442	791054
39907	460009	14561	360549	495699
883878	887887	127792	70443	135967
634241	186432	821069	607388	220897
271638	58772	677394	408265	237820
357083	479718	2672	304316	514229
910755	113396	894477	525561	77102
400101	162253	860591	643578	959273
7830	613244	458493	508495	764373
630393	566945	741880	503044	272212
736963	992439	826595	63694	722765
591899	896308	175929	548237	472022
809705	933257	535785	224207	213863
606225	977018	89367	156346	417168
766999	69862	211961	904117	746252
355224	542388	470506	10100	747308
680192	128219	837989	240956	772935
976672	887813	709568	433967	518891
40394	113420	533145	947629	674403
2574	78079	46739	374119	560474
584141	471048	878609	508221	428942
220931	76846	64942	542775	198531
886537	198918	377631	708304	562939
672349	388233	679256	886601	102129
668349	659049	634528	614439	215299
499454	735526	147368	417952	339095
56332	617356	218459	801305	347606
527572	703651	548765	7587	819579
567037	788178	412056	517889	351861
726149	165969	350669	901661	626710
399593	605813	388962	198537	145606
42576	383907	577200	355444	337362
67360	400230	530050	319160	854711
442163	398405	870118	952489	904677
3110	859509	242127	593306	855118
303361	759221	647224	395593	913227
740874	350348	926079	754605	171932
577468	763297	368845	752685	792271
52996	800468	673076	562594	309534
789046	873233	558208	202670	946152
357311	685364	349777	66503	270839
802666	439417	309107	196861	326196
538801	275993	103568	538707	348714
269290	103375	847999	628575	172352
390792	559148	90967	5145	481787
940368	860254	344913	286694	799475
531216	287281	383275	776330	45836
537124	863851	307502	282239	52249
189958	8945	580564	748409	728947
344117	803254	841078	936407	915589
898708	619144	956305	884204	343408
588654	567567	911888	10399	548674
509883	671175	887638	587912	161935
185579	380421	666818	774156	141902
528221	921747	508563	359285	110096
847011	685378	781004	108095	249721
482836	504322	584540	661662	154718
505736	543067	344519	115104	696324
757659	581135	45189	886065	388026
450080	495859	801962	732819	70979
855093	7719	802029	790351	661959
803280	814504	328887	255389	797700
415182	192354	734543	665176	217901
463256	479780	314820	377026	548199
372974	11644	541201	881638	421636
123106	465773	821486	130355	190909
934174	923547	162793	936204	341890
300731	434354	982528	568472	69012
233497	444301	75139	277145	513898
687043	902381	640477	803962	27835
363130	335813	693305	461388	386394
139458	275657	664818	89115	285016
770197	691427	202673	691529	771140
114506	852936	820087	464246	615635
509070	774091	300411	979201	410184
634037	253661	527585	687505	885738
798054	804582	903611	412631	495149
842054	134213	289447	865668	942384
993255	437646	508541	672462	794202
439353	360985	662153	201636	991321
725598	389077	192844	638916	911343
823548	583856	486474	108385	143078
339492	887010	231495	777064	877654
454595	892418	878400	779480	865955
678468	862452	14111	856931	860969
256121	488130	181201	580313	727095
355744	18569	156704	642780	977156
336244	804537	151493	67920	281352
190347	513329	996701	247254	341024
979152	396372	145846	581536	304616
870696	232288	375292	872129	292494
831889	749270	550821	652609	361774
683305	942788	253884	832733	901127
215038	950815	381385	326197	963
259287	894464	63695	917861	376923
973997	886917	22077	86677	568000
150150	772248	766159	294784	562635
914333	781344	338686	492822	942309
27284	136751	373328	6960	726716
834520	573204	626311	434496	813844
187440	909471	326849	402898	529672
933228	397784	387840	539258	612607
160673	97403	38196	940549	897693
365514	802195	245490	627642	650264
292210	500779	976380	636463	985043
91211	729447	550302	994779	826770
182242	136447	59072	523790	128978
545639	6222	462236	857216	295970
636074	24336	421480	308699	847374
719751	241728	580249	975043	604094
296258	99326	500411	656776	6867
587762	327748	498622	104726	818261
128969	674957	179370	256175	825586
85427	3203	998165	95469	735392
950602	889058	724648	875784	575546
176382	594774	735979	509883	971652
138584	258102	408203	583582	88218
475633	496806	324732	770631	373760
683893	921400	207284	812769	47668
675818	398283	866370	289981	218726
443905	311474	114602	715780	334188
586200	977644	608018	57734	330234
869228	218958	202453	776841	358155
329502	150612	261455	10594	931478
942332	928759	980251	798662	121912
495999	534444	33567	802822	234395
674761	759194	593727	668542	824193
29627	645136	125633	874817	991813
866559	269399	734537	339602	381126
19458	939608	287013	36988	81252
705133	451776	728534	548226	655503
913671	823270	753439	354409	840404
547162	402892	992745	526703	656674
688854	913104	116568	233299	661251
614348	210620	720064	674869	90725
544507	275718	27897	116644	573488
338771	673345	180119	336547	81007
782228	653359	360389	670	338391
156024	641575	260084	127768	465555
406686	458527	250785	250114	742394
544754	764424	406887	220295	221208
357325	225298	633308	372470	501670
170853	117586	701933	197244	742146
577028	924093	511420	831906	37416
991619	660007	110614	291744	587087
521957	940826	573074	51503	290456
780144	686280	454717	90030	968653
395817	456362	578051	897509	120677
128204	687499	296364	639979	457590
391518	126620	82281	68737	334409
640843	485294	7239	135	426772
110337	784581	913438	413641	439280
940526	443312	317034	559924	735899
595011	188666	226277	153176	79871
438826	765561	190650	643187	594854
819925	698249	402445	878508	145185
368267	548262	661821	661612	430037
244269	95356	167267	277519	887043
416112	547879	466913	619263	863411
621812	775301	348985	422616	338208
250379	864921	328897	462477	683905
103866	291866	285776	491074	621137
166929	786386	236855	846977	311129
290535	867920	425689	608964	956956
781007	588529	345834	501815	65056
659933	470195	744466	910294	741222
954038	181267	964095	868233	398764
478273	187961	29349	909014	870743
651321	580086	718570	515398	909962
381167	431933	967448	362389	175511
229119	125610	773808	341819	195881
333128	701338	681688	107343	427887
531703	103155	484129	364962	739323
935426	474467	44640	377600	780772
123475	641431	147228	707528	53862
822753	563327	847351	980203	807137
516683	922084	833632	365999	948303
94468	446162	339221	550368	319458
796261	938561	963171	354479	561400
76163	619480	509527	393242	9608
966980	639286	265538	281066	23576
55821	177347	844834	115253	870568
476318	673315	483003	449071	766036
254596	505468	771	481548	881583
421835	813476	485595	492925	633090
403382	721598	749562	263719	658083
413737	341521	284767	133669	241870
45646	928710	6677